% # columns="iteration, evaluation, sigma, axis ratio, bestever, best, median, worst objective function value, interquartile range, 25%tile, current best feasible f-value, elapsed wallclock time [s], further/more values", seed=483499, Wed Jan 14 12:48:27 2026, <python>{}</python>
1 10 0.9383194379655945 1.0000444454321133 2056469.2392072626 2.0564692392072626e+06 3826912.0770651978 14397175.20971183 8070121.549501706 2214707.3215409145 nan 0.0   
2 20 0.8624860473625863 1.156896176756085 1479640.25569038 1.4796402556903800e+06 4983543.521875261 7358757.534069844 2961536.4652712233 3506408.3657131614 nan 0.0   
3 30 0.9374307930698184 1.2739835685677725 1479640.25569038 1.7859085040679802e+06 2898644.766330955 7474499.181524407 2198521.35882604 2023549.9328351342 nan 0.0   
4 40 0.9660999343479487 1.4659878269581625 1479640.25569038 1.7633636408028177e+06 3992783.587273928 6957118.433722061 1396049.4679460097 2904023.1915588705 nan 0.0   
5 50 1.0445719362428094 1.5248368232513099 1363370.6122403617 1.3633706122403617e+06 2223108.0177118946 7157713.015057024 1704799.6418459606 1729326.6134520718 nan 0.0   
6 60 1.1722946745886822 1.7260867710345287 1363370.6122403617 1.4217222853635638e+06 3450143.875277569 4920255.222268929 1788585.0271991738 2231508.5824209605 nan 0.0   
7 70 1.186911817242657 1.9651309649067796 1363370.6122403617 2.1087091682320507e+06 5334929.703890087 8022073.702759739 3475526.1695123063 2941225.5443837056 nan 0.0   
8 80 1.2475994344991177 2.1648443732289024 1363370.6122403617 2.0742236862086998e+06 3223397.433665132 8962576.792850062 2793369.6041893046 2682105.4889176106 nan 0.0   
9 90 1.3612580894768318 2.2777445189468573 1363370.6122403617 1.6686639348494110e+06 3452973.4209680823 6191410.233263936 2740144.137841399 2478374.7160317367 nan 0.0   
10 100 1.428332414854925 2.3732841561905063 1363370.6122403617 2.1924808455210063e+06 3011521.4818349686 10027898.73542819 3870311.4228433855 2413788.483722158 nan 0.0   
11 110 1.500847234879454 2.547382321996843 1363370.6122403617 2.0234570677616016e+06 4129264.872871008 5792891.45522249 1938091.1684280047 2620429.8548177155 nan 0.0   
12 120 1.5321303894306968 2.568219191481453 1363370.6122403617 2.6457917224869272e+06 4483981.068869604 10646785.518431565 1897333.4569976563 3091715.785365899 nan 0.0   
13 130 1.5016705905032088 2.7182982823274497 1363370.6122403617 1.6384800399391402e+06 3548152.5475350274 7589825.084702501 3171872.0802615383 2578309.4115624526 nan 0.0   
14 140 1.3590240959235274 2.9589642171268253 1363370.6122403617 1.8456323698423586e+06 3726088.6712986785 6829807.685937575 1677359.9610058605 2824974.569173708 nan 0.0   
15 150 1.2440134896041737 3.0880719201081726 1363370.6122403617 2.0311185610959455e+06 2676678.6504189535 6165512.401128003 2682992.464456435 2103915.5913870293 nan 0.0   
16 160 1.1124998348944353 3.273081423392927 1363370.6122403617 1.4757522279911442e+06 2580407.647353158 4500277.0224262765 896677.7792550069 2139555.6732047065 nan 0.0   
17 170 1.051467999863917 3.285218292553915 1363370.6122403617 1.5077971451638448e+06 2516281.9568091407 3878321.0852501453 1197098.3890627804 1820358.0579229468 nan 0.0   
18 180 1.0877978705295894 3.408070716275427 1363370.6122403617 1.5195046596007776e+06 2470154.660335275 4471543.677632312 1619491.255964144 1710677.9304167007 nan 0.0   
19 190 1.1667269933601934 3.6164119565475663 1363370.6122403617 1.4691116628468297e+06 2530819.4591190387 3991626.595636039 1210160.7740327567 1764983.338400159 nan 0.1   
20 200 1.2048137261778764 3.6772837582373956 1363370.6122403617 1.5604849528326038e+06 3371741.043266901 5487067.651200049 1710816.2041082443 2313555.4181715124 nan 0.1   
21 210 1.2367214017127457 3.9893156328625667 1363370.6122403617 1.6205750177148152e+06 2331235.294087016 3014621.6471437174 404306.9806696316 2189288.7461378947 nan 0.1   
22 220 1.1597033509668953 4.040754618560436 1363370.6122403617 1.4917932515397097e+06 2168297.525993534 4520564.8092760565 1199350.2972692372 1840801.6505185575 nan 0.1   
23 230 1.088876815523747 4.249581859801891 1363370.6122403617 1.5650764003833446e+06 2868741.394481766 4466747.527952538 1555516.3612259827 2174134.7384038074 nan 0.1   
24 240 1.0007640110085398 4.631884794274251 1363370.6122403617 1.3743588978382684e+06 2517415.6605495927 3978137.238508639 1147952.7443032311 1727872.5302826473 nan 0.1   
25 250 0.9961567137616386 4.62972668923094 1363370.6122403617 1.4962923168581761e+06 2206535.141386203 3341953.150973187 633054.989585666 1872221.8371604765 nan 0.1   
26 260 0.9142916672555248 4.759215639374281 1306457.0488336189 1.3064570488336189e+06 1860277.093862657 2770068.1647068984 534348.8675431379 1513254.0291949885 nan 0.1   
27 270 0.8500495910534569 4.9107691598067635 1306457.0488336189 1.3463439039583255e+06 1744702.420665451 3978498.8194757057 926613.7939730803 1380884.7664060951 nan 0.1   
28 280 0.8784550479059898 5.5060685336988895 1306457.0488336189 1.3877045180575107e+06 1905913.8767905335 2292191.6071947315 382228.90364835993 1614147.5183338637 nan 0.1   
29 290 0.8657437067529092 5.623384960226211 1306457.0488336189 1.3715979274793244e+06 1661872.5139599312 2578237.5001588804 651649.0734889423 1446483.4060248304 nan 0.1   
30 300 0.7960024180177829 6.07337929128086 1306457.0488336189 1.4176255459672776e+06 1815603.1837720578 2276452.881528572 565519.6268249187 1613630.9272778626 nan 0.1   
31 310 0.7490883222956111 6.336067930098805 1306457.0488336189 1.4600313993167931e+06 1867650.8142934712 2132113.7921705926 502121.44381490955 1553683.0089967037 nan 0.1   
32 320 0.7180503595121464 6.7501596054427155 1306457.0488336189 1.4018353837268117e+06 1545717.9937650345 2033881.0179835344 236508.22888870584 1439650.5550955853 nan 0.1   
33 330 0.6638536691307572 6.967495954655551 1306457.0488336189 1.3915657269548113e+06 1538301.579460333 1814410.3225505613 192524.58137268154 1410735.6521493006 nan 0.1   
34 340 0.6216954956951879 6.930777756914718 1306457.0488336189 1.3817374659944056e+06 1520009.8923585308 1947288.218015646 154937.85795201338 1405156.6137416803 nan 0.1   
35 350 0.630451162942462 7.292448148039118 1306457.0488336189 1.3278197597084176e+06 1507000.7189521822 1903306.1880238163 349978.57191115175 1358429.3053359904 nan 0.1   
36 360 0.6274154433971608 7.737539650949439 1306457.0488336189 1.3350582130261254e+06 1564158.2768275512 1951848.8510713547 169310.82007441483 1468242.739996637 nan 0.1   
37 370 0.6361957743432277 8.3872755378251 1298527.5867375697 1.2985275867375697e+06 1473710.928932193 2087130.3589660898 213221.36402525287 1356457.6751824329 nan 0.1   
38 380 0.6522752006999185 8.777670796131252 1258898.2847230814 1.2588982847230814e+06 1509993.0544727372 1991262.9795950039 185693.60425726324 1455411.8748570255 nan 0.1   
39 390 0.6233497776963697 10.042847862643628 1258898.2847230814 1.3027824743620981e+06 1463426.3132417037 2307370.6829310525 280970.4653982816 1393821.5043283564 nan 0.1   
40 400 0.5463333316284624 10.317390152731816 1258898.2847230814 1.2992411939943647e+06 1359852.9942359685 1874023.798856426 194794.4109899667 1301944.4416807103 nan 0.1   
41 410 0.48793679990551614 10.150969891317276 1258898.2847230814 1.2653851519407204e+06 1408455.520420637 1585709.037769341 54703.966652132105 1362243.8583997504 nan 0.1   
42 420 0.42036490105020596 10.4536236849157 1258898.2847230814 1.2770769296588372e+06 1397075.515827554 1584303.938062713 139735.78918447858 1333886.3574389466 nan 0.1   
43 430 0.3816517887470368 10.707754644325822 1258898.2847230814 1.2872106491400283e+06 1358276.1516422196 1583873.5042073503 82650.04611711041 1315206.6200455148 nan 0.1   
44 440 0.33504283405912577 11.525376962969283 1257410.8718925184 1.2574108718925184e+06 1357653.929463021 1496491.7634411668 143413.42953079822 1290772.475148494 nan 0.1   
45 450 0.31692704745617123 12.45498711171787 1257410.8718925184 1.2748536623342740e+06 1343228.9251180156 1450544.8329660804 78101.12308939826 1303768.466523233 nan 0.1   
46 460 0.3036507065911644 13.060502706667151 1255424.7322258072 1.2554247322258072e+06 1286724.7682900429 1418573.272430322 44833.831306278706 1275737.0408018027 nan 0.1   
47 470 0.28081892432139666 13.110189584384843 1255424.7322258072 1.2583210041035209e+06 1315772.770605169 1351964.6123490573 55177.49905815278 1269955.3455977475 nan 0.1   
48 480 0.25070133333270445 13.558939852652466 1253010.2977496283 1.2530102977496283e+06 1301801.0157631615 1352968.0692521979 49119.65968324919 1268924.8753326298 nan 0.1   
49 490 0.228683871252224 14.183789085364484 1245856.5490652877 1.2458565490652877e+06 1286207.9273713683 1345088.6158912447 58558.67866384215 1268786.5464561442 nan 0.1   
50 500 0.20135207901873287 14.700490797090003 1245856.5490652877 1.2516342883560581e+06 1259158.727264448 1314064.6968170255 34189.69785751775 1256299.4554322618 nan 0.1   
51 510 0.17684801836904898 14.874981340304089 1245856.5490652877 1.2491649996919858e+06 1263141.6142928647 1286534.5970549004 25586.191422115313 1251782.548991919 nan 0.1   
52 520 0.1645980506081252 15.42771200791788 1245856.5490652877 1.2466070457473432e+06 1270204.5547483827 1293625.848485323 16136.765490990365 1256433.8337861488 nan 0.1   
53 530 0.15663227439507973 16.303460237806075 1242319.8361585487 1.2423198361585487e+06 1254718.360574487 1308986.3353714608 17512.125493571395 1247165.4997152286 nan 0.1   
54 540 0.1530035831984273 17.710525115211674 1242027.2780068496 1.2420272780068496e+06 1246426.4116027784 1263371.0567014932 8043.73769128602 1244657.56285834 nan 0.1   
55 550 0.14792579963792157 18.19161233615961 1241631.0654295166 1.2416310654295166e+06 1250749.8303892897 1267284.7663308836 8434.721999437083 1244629.0280651657 nan 0.1   
56 560 0.14604421749925608 18.491673108975892 1239295.634294988 1.2392956342949879e+06 1245208.6132060408 1255998.4817532613 9838.17016915814 1240497.210576326 nan 0.2   
57 570 0.14081742334986672 19.94707644883213 1238901.569594265 1.2389015695942650e+06 1246162.056574413 1256810.9857714279 6133.0313749669585 1242694.836028293 nan 0.2   
58 580 0.13094636860822317 20.352618938136075 1238901.569594265 1.2401914218426258e+06 1249932.5739786453 1253983.0588436325 7244.433363760589 1244751.5730669799 nan 0.2   
59 590 0.12301571318578987 21.16936966450249 1238675.8179660393 1.2386758179660393e+06 1250578.8741237486 1256102.520667248 13057.169600374298 1240532.7816196838 nan 0.2   
60 600 0.11761876733572198 21.35337035412898 1237271.594952569 1.2372715949525691e+06 1243882.3148376632 1247386.1048509604 6054.698386717355 1239727.8081384948 nan 0.2   
61 610 0.11086756222526266 21.665869446700917 1237271.594952569 1.2377300310374892e+06 1240592.0585325505 1247355.8693596579 5853.8444324804 1239483.5147540632 nan 0.2   
62 620 0.10770271347879452 22.385069268687587 1237248.999039348 1.2372489990393480e+06 1240526.5365061306 1246804.2124246354 4601.7175438751 1237859.989694041 nan 0.2   
63 630 0.11237953416580637 24.07309089359401 1236903.3628685288 1.2369033628685288e+06 1238685.8617754874 1242551.8253867854 4529.212519676192 1237413.8869002722 nan 0.2   
64 640 0.11278512364245623 26.132022860808778 1236903.3628685288 1.2369867780364156e+06 1239244.680439396 1244809.4553891676 3511.167484355392 1237345.2571868324 nan 0.2   
65 650 0.12427686879676636 27.30995337416981 1235280.9200457975 1.2352809200457975e+06 1238392.9956403072 1253094.978428742 2598.4430855049286 1237326.6740039939 nan 0.2   
66 660 0.13239140722666065 31.40967702309633 1233113.028015866 1.2331130280158659e+06 1236779.752747016 1241411.0343526106 2787.8529868538026 1235442.8119883467 nan 0.2   
67 670 0.1441718306695708 35.96769410798383 1232174.5891443526 1.2321745891443526e+06 1233650.493955133 1238750.5650305918 4227.077416944783 1232971.1983040418 nan 0.2   
68 680 0.18000654075213052 40.25036396098743 1232174.5891443526 1.2324014482554751e+06 1234382.717217787 1240603.4647000772 5925.387065349147 1232589.8514725459 nan 0.2   
69 690 0.20115634164326204 45.643009146455285 1229488.0184286954 1.2294880184286954e+06 1236355.0114091914 1255663.8694372638 2118.764896800043 1235128.9252462096 nan 0.2   
70 700 0.20309662194276715 48.373638428978026 1228556.4660119228 1.2285564660119228e+06 1236413.584272084 1239323.1341302835 5827.892322317231 1233324.9173039203 nan 0.2   
71 710 0.19836207833217462 49.962928079989524 1228556.4660119228 1.2293769448653364e+06 1235539.3022544654 1247868.7512004864 5288.818480158225 1233450.248958088 nan 0.2   
72 720 0.1933304938562347 51.06548735062366 1226413.8155398988 1.2264138155398988e+06 1235068.905988724 1240093.2457964793 4043.2956892503425 1233314.3224030104 nan 0.2   
73 730 0.21145419935282556 51.04546336097215 1225688.7608039472 1.2256887608039472e+06 1230406.1886400057 1241646.780831594 3372.4934362152126 1228683.661542279 nan 0.2   
74 740 0.23499154346038498 53.350814576464 1225688.7608039472 1.2266826369304687e+06 1229691.0727133143 1234217.3382964795 1605.1246229312383 1228780.6995892567 nan 0.2   
75 750 0.2561519901884811 54.048447182150305 1222833.950643755 1.2228339506437550e+06 1231051.5005446959 1253235.6785653539 8895.653296999168 1229959.6604738995 nan 0.2   
76 760 0.26608484249415043 58.39438509598626 1222833.950643755 1.2253254423703258e+06 1232418.7801755825 1240548.4171277974 10431.009198396001 1228927.486419451 nan 0.2   
77 770 0.25315245032620165 61.964889963318036 1222833.950643755 1.2258333725733410e+06 1232425.8038576231 1240095.4062297463 9676.065387952141 1227131.7881893734 nan 0.2   
78 780 0.24012063263667402 59.775414621589874 1222833.950643755 1.2246179519132711e+06 1235710.2792210293 1244990.0528132906 8349.786153360968 1228151.7564130367 nan 0.2   
79 790 0.22707603763262418 60.19633218103135 1222833.950643755 1.2246297139334169e+06 1234646.9830267155 1243429.9194055959 9637.75536850607 1228444.594359587 nan 0.2   
80 800 0.22094506222461202 58.701533384465776 1221958.5357697187 1.2219585357697187e+06 1230222.4059285834 1254718.3102598733 8538.186575930333 1226914.0248931337 nan 0.2   
81 810 0.20157464680770196 59.86681197996917 1221958.5357697187 1.2235432792213941e+06 1226309.0283934858 1240615.327889658 6248.320986746345 1224238.124177051 nan 0.2   
82 820 0.19862464937976274 61.21760718290427 1221958.5357697187 1.2225253547675817e+06 1225846.533031298 1230639.754118218 5923.344156993786 1224485.0454303666 nan 0.2   
83 830 0.21551891661169925 64.08109470016188 1220670.1770492767 1.2206701770492767e+06 1225927.4096464869 1234616.1585949166 8188.276822695043 1222821.6273591584 nan 0.2   
84 840 0.23273647148464935 69.57941474162762 1220670.1770492767 1.2212261455914110e+06 1225678.42916874 1230403.995366976 5396.410448139068 1222411.3201785083 nan 0.2   
85 850 0.2426948046328055 78.54729604958035 1220446.9042578777 1.2204469042578777e+06 1225190.8326794312 1231074.8557932551 4410.596984296339 1222085.2123613355 nan 0.3   
86 860 0.2275274838738217 82.44574157588703 1220446.9042578777 1.2216234689287874e+06 1227062.4854241984 1230685.975546674 4639.796368961688 1223314.0932045872 nan 0.3   
87 870 0.21159436524292935 86.7742294768645 1220175.7081238984 1.2201757081238984e+06 1223557.6509678564 1226353.3218709682 2703.754455961054 1221649.8574171246 nan 0.3   
88 880 0.19830493513433992 83.46965027721568 1220175.7081238984 1.2206585239650821e+06 1225205.137362214 1227330.8664619008 2572.3736494015902 1222747.7793657698 nan 0.3   
89 890 0.1724644581671167 85.94366521612871 1220031.553426907 1.2200315534269069e+06 1223731.1990463182 1227839.1351490435 5606.013344635256 1221174.4911399726 nan 0.3   
90 900 0.15872369733134167 84.0678199736141 1219329.894172501 1.2193298941725011e+06 1221312.1764602626 1222772.1374603936 1419.6471996991895 1220324.0905298356 nan 0.3   
91 910 0.14734881203327602 84.29487760941045 1219161.8796003808 1.2191618796003808e+06 1220636.2645354036 1223588.8109764871 1064.5455883280374 1219944.990648183 nan 0.3   
92 920 0.1314390578871595 84.93303842704464 1219161.8796003808 1.2192106404400158e+06 1220265.4262599288 1225297.9123685467 2335.407273514429 1219974.5449025705 nan 0.3   
93 930 0.12472094199723793 87.00233040784059 1218408.301245046 1.2184083012450461e+06 1219220.7847408985 1221969.9987519141 1304.3011627444066 1218666.4395686903 nan 0.3   
94 940 0.12203337936280936 87.22350984474546 1217910.7351752995 1.2179107351752995e+06 1219232.7728187607 1221144.4496608211 1276.2639599475078 1219121.4718264285 nan 0.3   
95 950 0.12324314980245489 85.79370130314243 1217871.6228812893 1.2178716228812893e+06 1218973.9186681444 1221068.6773815223 792.2713946106378 1218817.7017523365 nan 0.3   
96 960 0.11479260207185864 88.8993552209964 1217871.6228812893 1.2183334031757198e+06 1219276.3719775719 1220175.271073546 1099.4473750772886 1218419.4115357448 nan 0.3   
97 970 0.10995469330538278 89.29971455002554 1217871.6228812893 1.2179622306917962e+06 1218747.0354482934 1220259.372819146 1245.3315318899695 1218366.0025867734 nan 0.3   
98 980 0.10917888052810489 92.13187366737543 1217871.6228812893 1.2182035419153073e+06 1218648.6111806056 1221336.267556726 1046.1728618771303 1218414.2029138631 nan 0.3   
99 990 0.10158857766962605 94.71968685152117 1217700.570067065 1.2177005700670651e+06 1218721.5942294279 1220141.3163615225 1274.8275214044843 1218097.9958853528 nan 0.3   
100 1000 0.0925337653684985 95.60453398534082 1217644.3556813349 1.2176443556813349e+06 1218309.361852008 1219651.7967425534 862.7327779089101 1217890.0328851598 nan 0.3   
101 1010 0.08742039151472161 98.98501010359449 1217644.3556813349 1.2176841514903242e+06 1218000.5672075944 1218358.959908423 423.97772952355444 1217820.7461530515 nan 0.3   
102 1020 0.09141894354972042 102.93662470375895 1217644.3556813349 1.2176954902067157e+06 1218110.4204281447 1219188.3263643906 699.876171448268 1217811.58486475 nan 0.3   
103 1030 0.09433688044706248 104.32354466772361 1217644.3556813349 1.2177644987805868e+06 1218230.300411839 1218654.8252601656 655.6686152478214 1217936.1597031495 nan 0.3   
104 1040 0.09558205928944236 98.14113060243773 1217644.3556813349 1.2177468417274696e+06 1218250.8645631934 1219807.4115400298 519.3175579875242 1217948.558488121 nan 0.3   
105 1050 0.08600041396661408 95.3996953330024 1217531.5035499984 1.2175315035499984e+06 1218285.4465260275 1220320.824704314 619.2964898748323 1217883.5550106885 nan 0.3   
106 1060 0.08847256593308579 96.52242639104989 1217351.1821547018 1.2173511821547018e+06 1218019.0339933904 1218184.397477618 544.3039085036144 1217582.1274177032 nan 0.3   
107 1070 0.08636383803012199 97.81048134979069 1217340.9747144005 1.2173409747144005e+06 1217776.830504362 1218425.715988948 421.2174046607688 1217639.6614279975 nan 0.3   
108 1080 0.08381167418337662 91.76825770961142 1217340.9747144005 1.2173598814507655e+06 1217945.348296764 1218673.0425446462 858.4627062780783 1217417.4404626405 nan 0.3   
109 1090 0.08548630433975762 95.18339204428918 1217338.8100289134 1.2173388100289134e+06 1217854.0801918986 1218480.5892089985 640.9553420578595 1217514.1066527553 nan 0.3   
110 1100 0.0919057059081385 100.1558418297499 1217338.8100289134 1.2173491186957841e+06 1217776.2611814635 1217859.8966149092 286.162350588711 1217506.1064290612 nan 0.3   
111 1110 0.09472628285056363 99.93761656898258 1217260.8534116247 1.2172608534116247e+06 1217967.7458326197 1218145.6423103737 427.1565868202597 1217607.1940165819 nan 0.3   
112 1120 0.08706953127705183 101.43120928355073 1217260.8534116247 1.2174673449094428e+06 1217821.565471841 1218659.5648605118 623.3056101335678 1217654.676863094 nan 0.3   
113 1130 0.0802279281773947 99.896628363851 1217260.8534116247 1.2172638695446521e+06 1217426.3198092645 1217659.8884723487 152.81598743633367 1217323.5935898325 nan 0.3   
114 1140 0.06733693162461368 103.07541127622842 1217202.6704505228 1.2172026704505228e+06 1217514.581743103 1217882.5581280293 192.46482203621417 1217407.9792759276 nan 0.3   
115 1150 0.06239651379009999 101.54123024115134 1217202.6704505228 1.2172410677744704e+06 1217393.6935516056 1217970.5251564097 150.88550802716054 1217289.5455753668 nan 0.3   
116 1160 0.059026077386771625 102.46812185819084 1217137.3812553557 1.2171373812553557e+06 1217414.2634536978 1217598.2788661784 339.99797248258255 1217214.7324074649 nan 0.3   
117 1170 0.05694340037543767 104.0793039864118 1217086.2331779525 1.2170862331779525e+06 1217181.0722019935 1217664.0464407853 277.7868809320498 1217125.049694712 nan 0.3   
118 1180 0.05544984844886684 104.20790978041143 1217067.72674494 1.2170677267449400e+06 1217245.332794238 1217358.8070318252 49.53564972290769 1217213.659139514 nan 0.3   
119 1190 0.05587549025006901 105.49607058256436 1217058.3788011172 1.2170583788011172e+06 1217204.475857149 1217536.7762289066 98.98572520143352 1217128.9366862972 nan 0.3   
120 1200 0.05247652820184634 103.7012597328899 1217058.3788011172 1.2170864800576381e+06 1217208.1207165497 1217428.1085597835 123.30416770000011 1217115.3043862947 nan 0.3   
121 1210 0.04673749380561264 98.29978633372244 1217031.4280893651 1.2170314280893651e+06 1217166.5722889951 1217274.9339657836 106.91846932237968 1217063.4382513175 nan 0.4   
122 1220 0.04098019215239679 100.54448018222823 1217031.4280893651 1.2170695245674537e+06 1217152.5296062727 1217392.027986028 134.17024339013733 1217087.5900261367 nan 0.4   
123 1230 0.042649191550737875 99.63992966710774 1216996.900291481 1.2169969002914811e+06 1217082.5755427943 1217208.7963667624 64.79328408138826 1217058.8633433704 nan 0.4   
124 1240 0.040166013379163375 101.99283906813957 1216996.900291481 1.2170035139651839e+06 1217096.1938130194 1217209.1779443398 87.64571866835468 1217057.3362146034 nan 0.4   
125 1250 0.038632872453678684 100.88837075288515 1216996.900291481 1.2170296046757540e+06 1217054.6358456211 1217118.6013540705 29.623300523497164 1217044.302352039 nan 0.4   
126 1260 0.037447600111713344 106.68440513016047 1216996.900291481 1.2170347180699799e+06 1217092.0290178778 1217135.983882376 54.352869174676016 1217053.2035700062 nan 0.4   
127 1270 0.03348528110963899 107.09094044998734 1216996.900291481 1.2170308908950896e+06 1217107.147168742 1217140.5784762106 43.266991581069306 1217073.4765932574 nan 0.4   
128 1280 0.03126103740177329 103.72003964615482 1216996.900291481 1.2170036624804875e+06 1217047.069521455 1217128.9681025387 45.77238232595846 1217018.5712810545 nan 0.4   
129 1290 0.029231816692291218 101.34129342553281 1216996.2626311292 1.2169962626311292e+06 1217034.3809176735 1217128.1553964422 42.832650118041784 1217004.5573760225 nan 0.4   
130 1300 0.029047865970925676 101.83154486892774 1216982.7349810759 1.2169827349810759e+06 1217010.124033283 1217038.1105417279 34.4320209575817 1216988.3783506355 nan 0.4   
131 1310 0.03006529688953112 98.48917802261737 1216982.7349810759 1.2169852199188443e+06 1217002.842691469 1217041.617221217 14.908157074823976 1216993.5108232345 nan 0.4   
132 1320 0.03134308071051093 103.48055129111506 1216982.7349810759 1.2169853982801223e+06 1217006.020833946 1217029.1336578396 28.32173160277307 1216991.3574857 nan 0.4   
133 1330 0.03172570478748831 105.61707176752003 1216963.949458843 1.2169639494588431e+06 1217009.5936866165 1217100.06907893 57.0575781383086 1216977.8357526483 nan 0.4   
134 1340 0.032560156381534124 103.45163019325979 1216960.303159991 1.2169603031599910e+06 1216991.412884913 1217038.3561176271 26.662936691660434 1216977.087833119 nan 0.4   
135 1350 0.031738969817653444 101.23560501854497 1216959.249436541 1.2169592494365410e+06 1216997.9335403873 1217054.2200666487 25.37606186978519 1216984.4730511974 nan 0.4   
136 1360 0.02923493289447133 96.89482906254898 1216959.249436541 1.2169607832216769e+06 1216979.414610225 1216999.144437568 21.792906272225082 1216964.740460009 nan 0.4   
137 1370 0.03139625836920806 101.8777991038639 1216941.6727914815 1.2169416727914815e+06 1216971.8864137456 1217002.4340903906 44.3844892187044 1216945.9804033893 nan 0.4   
138 1380 0.033042935476387855 109.71177919378319 1216928.238680529 1.2169282386805289e+06 1216972.8978544364 1216997.9444563603 25.821280925301835 1216955.4336918197 nan 0.4   
139 1390 0.03526762982778976 111.36389022326443 1216928.238680529 1.2169367470500136e+06 1216974.4282490364 1217027.022985607 55.7454650667496 1216945.6065396029 nan 0.4   
140 1400 0.03811574637768416 121.13561570174097 1216928.238680529 1.2169291205171091e+06 1216951.3991684618 1216977.752080136 30.760183316422626 1216932.4601269884 nan 0.4   
141 1410 0.037553230373948025 127.26051109581827 1216921.3656589768 1.2169213656589768e+06 1216971.6681029378 1217021.538493793 51.683325081598014 1216941.2010314735 nan 0.4   
142 1420 0.03585225750843805 136.75513090913265 1216915.7570174893 1.2169157570174893e+06 1216975.1292945053 1217042.4586002808 55.407857971964404 1216941.3517562593 nan 0.4   
143 1430 0.037276237514289226 154.60927640985108 1216903.665062347 1.2169036650623470e+06 1216943.6633227088 1216969.6108025752 16.106624372769147 1216930.449844545 nan 0.4   
144 1440 0.0372204100390913 156.6496069568307 1216903.665062347 1.2169167054336420e+06 1216937.7934745918 1217022.7395563682 28.835489270742983 1216921.4512744923 nan 0.4   
145 1450 0.03735111552480909 161.25871268157286 1216894.199787008 1.2168941997870081e+06 1216941.127917296 1216964.6923069793 46.778915277682245 1216903.5405532445 nan 0.4   
146 1460 0.04423063077695208 163.03925813509528 1216862.9824946485 1.2168629824946485e+06 1216921.376042601 1217003.6784484938 60.117246540030465 1216884.3051230982 nan 0.4   
147 1470 0.049415960799285626 173.41676900235882 1216862.9824946485 1.2168726518319156e+06 1216928.4982881816 1217073.8385032853 57.775010883109644 1216880.0648109938 nan 0.4   
148 1480 0.050277693864454825 178.88509577422533 1216854.519719909 1.2168545197199089e+06 1216893.4628278322 1216934.9491499462 39.437627638690174 1216878.3648152803 nan 0.4   
149 1490 0.04771884088758993 186.54804761762801 1216840.5684282687 1.2168405684282687e+06 1216902.853508869 1216954.0679231323 51.52330929017626 1216861.2367128066 nan 0.4   
150 1500 0.05321804946533351 187.43134610517532 1216806.9567147563 1.2168069567147563e+06 1216898.5696956892 1217006.4867304468 139.33142823493108 1216848.421192067 nan 0.4   
151 1510 0.056370828610518786 210.37749973557246 1216803.2874452474 1.2168032874452474e+06 1216881.276600315 1216933.8208170205 73.1253925524652 1216838.7930633875 nan 0.4   
152 1520 0.057683092112512414 215.7503055502245 1216799.9133692586 1.2167999133692586e+06 1216858.1795951237 1217004.8701450955 127.12471189675853 1216849.6098017637 nan 0.4   
153 1530 0.05613904939934724 218.1500865852843 1216799.9133692586 1.2168066058265211e+06 1216901.5972286267 1216943.6733706307 42.27370900660753 1216868.5860820056 nan 0.4   
154 1540 0.058399756623817536 215.9169742700839 1216792.1945805075 1.2167921945805075e+06 1216844.8000507003 1216899.901755434 58.66382229444571 1216827.115883136 nan 0.4   
155 1550 0.05897814148321506 212.59491279287317 1216751.6268692338 1.2167516268692338e+06 1216814.363358628 1216866.6028802535 55.18213770352304 1216790.5721216628 nan 0.5   
156 1560 0.06358726050196883 223.54276891220064 1216747.1545770734 1.2167471545770734e+06 1216832.6022030148 1216920.7914412066 64.79857094050385 1216808.6155307554 nan 0.5   
157 1570 0.06514849254722317 243.14959433055975 1216703.5177974692 1.2167035177974692e+06 1216834.6639648583 1216882.490250455 83.41245782817714 1216783.4322905082 nan 0.5   
158 1580 0.0669621099189501 266.5191349529624 1216703.5177974692 1.2167151527135493e+06 1216753.0427042302 1216848.464217917 64.50735693471506 1216730.9219787973 nan 0.5   
159 1590 0.06764715898503233 263.9976367927614 1216703.5177974692 1.2167534270480503e+06 1216776.8129105459 1216825.0692311998 43.54038480413146 1216759.8528777263 nan 0.5   
160 1600 0.06751025187140448 265.44707543566494 1216703.5177974692 1.2167305742197707e+06 1216785.7614825252 1216985.5377933912 52.603042418602854 1216755.574014225 nan 0.5   
161 1610 0.06386516415139556 274.13341307613723 1216682.2177529943 1.2166822177529943e+06 1216770.3633019507 1216877.1686125856 96.96498487447388 1216716.046266993 nan 0.5   
162 1620 0.06396884249897208 280.2587664015775 1216654.141930575 1.2166541419305750e+06 1216750.633023554 1216877.6586785472 40.46412470890209 1216732.3465324324 nan 0.5   
163 1630 0.06450052116026625 300.9962466240988 1216609.614874377 1.2166096148743769e+06 1216707.3830748384 1216783.755862574 75.87350387987681 1216662.6813684916 nan 0.5   
164 1640 0.06268913238579613 305.8785079483379 1216609.614874377 1.2166412839216345e+06 1216665.1962870858 1216733.149574282 13.215988983865827 1216657.2500609166 nan 0.5   
165 1650 0.06143570549803085 308.96944567032665 1216609.614874377 1.2166376595538016e+06 1216689.4106449368 1216793.3889732847 77.85743238637224 1216638.5972536176 nan 0.5   
166 1660 0.06242467595204079 302.4240658235168 1216586.5802436185 1.2165865802436185e+06 1216667.821396388 1216743.8935107866 81.94486053613946 1216633.447673262 nan 0.5   
167 1670 0.06310811686087485 314.5933059436898 1216561.985752103 1.2165619857521029e+06 1216631.8415451096 1216646.8312947224 28.748571168864146 1216614.104648082 nan 0.5   
168 1680 0.07256102945810589 328.81430196679713 1216530.9581905794 1.2165309581905794e+06 1216627.4533763318 1216648.9276849844 85.14366306131706 1216552.5781054155 nan 0.5   
169 1690 0.08138992483402753 371.7817641442286 1216513.2446021663 1.2165132446021663e+06 1216565.0123735818 1216613.3919195198 56.86146673676558 1216539.865577693 nan 0.5   
170 1700 0.09020831230516424 407.41247323697644 1216438.6487103158 1.2164386487103158e+06 1216544.341133933 1216609.6209023122 72.43081778241321 1216511.1262506384 nan 0.5   
171 1710 0.10661696341768072 446.916161420183 1216438.6487103158 1.2164499156857990e+06 1216648.4187267048 1216869.0148721917 176.5542912071105 1216505.9575324531 nan 0.5   
172 1720 0.1179198048616008 478.50396047850563 1216438.6487103158 1.2164722814317055e+06 1216586.7798250427 1216756.4615857645 138.11725045461208 1216481.4962708834 nan 0.5   
173 1730 0.11514562657152558 503.9422543261218 1216438.6487103158 1.2164611513184425e+06 1216557.8440887772 1216875.6504663848 208.79496828466654 1216483.8375947443 nan 0.5   
174 1740 0.10733062879261067 517.248972359225 1216397.725652568 1.2163977256525680e+06 1216625.0777068918 1216803.475659257 268.1882720303256 1216451.827397304 nan 0.5   
175 1750 0.10634395312977715 496.50990505324273 1216397.725652568 1.2164159651567528e+06 1216520.0347900735 1216610.7076346655 111.02213556668721 1216459.780358594 nan 0.5   
176 1760 0.10044033747009094 506.2632713881446 1216397.725652568 1.2164325358848174e+06 1216501.8316467209 1216589.1328397645 101.77711137523875 1216463.4629857796 nan 0.5   
177 1770 0.09612695735094141 497.34770698709093 1216397.725652568 1.2164409713594445e+06 1216501.3110319488 1216628.4047406772 93.10814405558631 1216477.8699704017 nan 0.5   
178 1780 0.0845788760808594 511.0714082805934 1216397.725652568 1.2164046884018246e+06 1216509.9175723507 1216565.3791705905 114.48068205895834 1216412.8385919102 nan 0.5   
179 1790 0.07884526863406709 494.6632744459006 1216391.2755491438 1.2163912755491438e+06 1216418.7030273704 1216560.9170331403 81.65721299499273 1216410.1384959605 nan 0.5   
180 1800 0.08000698209334176 506.48106669339114 1216374.7331869262 1.2163747331869262e+06 1216472.7860550713 1216522.3379746391 87.06396460463293 1216404.9881942028 nan 0.5   
181 1810 0.0802551469857253 494.2672477029398 1216374.7331869262 1.2163804095225877e+06 1216464.6647069864 1216487.4973083264 60.59043378662318 1216410.0022130574 nan 0.5   
182 1820 0.07950513967422401 490.0945529027187 1216374.7331869262 1.2163856842884959e+06 1216427.0894639287 1216474.5124791553 47.27178428112529 1216405.9447631536 nan 0.5   
183 1830 0.07415926731109086 474.1634189111133 1216367.8369998522 1.2163678369998522e+06 1216421.0420132997 1216572.2814124625 35.71989723481238 1216390.9753847618 nan 0.5   
184 1840 0.06696327486478798 485.89206989700114 1216367.8369998522 1.2163807667203345e+06 1216412.2291413688 1216522.7907064748 54.461305283010006 1216388.5567056392 nan 0.5   
185 1850 0.06525423810040586 477.77785016206417 1216367.8369998522 1.2163725995818069e+06 1216403.1167280916 1216515.705586885 19.026429363060743 1216390.7481212835 nan 0.5   
186 1860 0.061047637131373914 462.6455160333418 1216367.8369998522 1.2163687602391476e+06 1216410.4014824717 1216432.284382931 39.414900838863105 1216381.4405286252 nan 0.5   
187 1870 0.05264836805257499 461.56479528455503 1216352.3253079832 1.2163523253079832e+06 1216380.4712176716 1216454.6674937557 29.61549725360237 1216365.6273131096 nan 0.5   
188 1880 0.04950542343274995 471.7439746454505 1216352.3253079832 1.2163552274246900e+06 1216366.9331244545 1216391.1665444514 12.716363438637927 1216358.221168153 nan 0.5   
189 1890 0.04782344770437682 463.9515415057264 1216352.3253079832 1.2163569434103405e+06 1216375.9741906829 1216443.713820839 25.551645987201482 1216363.521168661 nan 0.5   
190 1900 0.04342377770413646 449.195012920018 1216352.3253079832 1.2163531137601156e+06 1216374.152592563 1216428.348802659 9.9601420101244 1216368.161017725 nan 0.5   
191 1910 0.038704041319974715 452.2833933365766 1216352.3253079832 1.2163525021241447e+06 1216360.2460977896 1216401.0357684684 12.131488979095593 1216353.7050031512 nan 0.5   
192 1920 0.038923155493877405 443.9864791390416 1216348.973934392 1.2163489739343920e+06 1216361.1126457006 1216381.7697176577 15.957895055413246 1216349.8248858498 nan 0.6   
193 1930 0.03871229460194583 451.8562682752638 1216346.0910959837 1.2163460910959837e+06 1216362.191275944 1216381.7167058734 18.716548391385004 1216348.345901512 nan 0.6   
194 1940 0.03611715553399517 429.61710430459874 1216346.0910959837 1.2163463355400970e+06 1216365.2268666392 1216370.7968032523 13.838343580253422 1216352.3261218183 nan 0.6   
195 1950 0.03159274060125581 432.8679385190892 1216345.1187267879 1.2163451187267879e+06 1216350.9919734343 1216356.2779630083 4.347513247979805 1216348.9990246485 nan 0.6   
196 1960 0.030096202447330786 428.27400979673894 1216345.1187267879 1.2163451251065992e+06 1216350.0023155413 1216359.1014318713 4.165649976348504 1216348.0305645468 nan 0.6   
197 1970 0.031898951371105475 431.40168448713763 1216345.1187267879 1.2163464047326734e+06 1216350.574822467 1216359.4285276905 5.362794484011829 1216347.2251714987 nan 0.6   
198 1980 0.034028919432692865 449.62510505197474 1216345.1187267879 1.2163476601335644e+06 1216354.976598237 1216358.768183293 7.641975889215246 1216348.5275917253 nan 0.6   
199 1990 0.03390026721911096 455.83512113320796 1216343.399969868 1.2163433999698679e+06 1216354.2828490944 1216359.5449155942 10.497511883731931 1216346.6700994635 nan 0.6   
200 2000 0.03695054302791979 456.1040545063157 1216340.4107541572 1.2163404107541572e+06 1216344.7986124507 1216354.8479824907 6.672987236874178 1216342.9730745237 nan 0.6   
201 2010 0.04019390964438165 440.4950317627814 1216337.6187998024 1.2163376187998024e+06 1216344.8053178461 1216361.0983434583 7.527284974930808 1216342.9773747697 nan 0.6   
202 2020 0.038507648519535316 449.4119939094886 1216337.6187998024 1.2163392866114927e+06 1216350.7262933496 1216357.8622951964 8.774442972615361 1216343.8141973438 nan 0.6   
203 2030 0.036940271132687615 444.86137243405904 1216337.6187998024 1.2163409830223166e+06 1216356.299257479 1216368.7049366888 21.349859602749348 1216342.5931364223 nan 0.6   
204 2040 0.03542917846243448 440.02120029806804 1216337.6187998024 1.2163402409305980e+06 1216345.634038147 1216365.281573867 3.7428781541530043 1216343.2679678432 nan 0.6   
205 2050 0.033199669743098605 453.6375751572082 1216337.1980070774 1.2163371980070774e+06 1216345.6204395639 1216359.2888108206 10.386630068300292 1216337.59009197 nan 0.6   
206 2060 0.03071701889552622 458.6601075752271 1216335.8747107515 1.2163358747107515e+06 1216343.8400760666 1216350.6886191238 7.786385722924024 1216337.7044419763 nan 0.6   
207 2070 0.029324756925069154 460.3914353465773 1216333.4844420962 1.2163334844420962e+06 1216340.1626876583 1216346.9312913667 6.886387690436095 1216336.6205643434 nan 0.6   
208 2080 0.028096928113931403 455.60662949037146 1216331.754985505 1.2163317549855050e+06 1216337.2296429914 1216354.1048210931 3.1117616333067417 1216335.2294217963 nan 0.6   
209 2090 0.02530351052902124 453.48094527035124 1216331.754985505 1.2163327753246862e+06 1216335.321259982 1216342.8980872303 2.277068998431787 1216333.7804711626 nan 0.6   
210 2100 0.023995941134439217 457.4446469094533 1216331.5829073486 1.2163315829073486e+06 1216336.1952569033 1216340.8425077621 4.850682011572644 1216332.22810502 nan 0.6   
211 2110 0.023544792893802374 447.2833853530335 1216331.5829073486 1.2163317810294372e+06 1216334.536642086 1216338.6123282374 4.236337875248864 1216332.213996699 nan 0.6   
212 2120 0.021797160777819916 475.55377011563405 1216331.2064407298 1.2163312064407298e+06 1216333.6518872827 1216335.1224422543 1.949372268980369 1216332.1917750076 nan 0.6   
213 2130 0.023062613559274216 482.5769385210261 1216328.1081263677 1.2163281081263677e+06 1216331.0167237502 1216333.828772846 3.0281404813285917 1216329.4214510743 nan 0.6   
214 2140 0.02639084390036221 498.5749913380683 1216325.1398804723 1.2163251398804723e+06 1216329.7657740554 1216332.39130487 2.0932401046156883 1216328.2061741222 nan 0.6   
215 2150 0.027748696849582075 514.7345486362653 1216325.1398804723 1.2163270290938797e+06 1216330.5393219122 1216341.0881173555 2.0496141999028623 1216329.6533251598 nan 0.6   
216 2160 0.02875342464225666 522.0914218016899 1216324.5094376334 1.2163245094376334e+06 1216330.0416708426 1216333.241810967 6.156106334645301 1216325.955283455 nan 0.6   
217 2170 0.027449000067478867 560.3485765963434 1216324.5094376334 1.2163255312376742e+06 1216328.2015311765 1216336.532841952 3.045442227041349 1216327.2583856217 nan 0.6   
218 2180 0.02518330110428762 541.9869020193264 1216324.5094376334 1.2163250270870833e+06 1216328.4185244415 1216332.4371869268 3.531336609972641 1216327.0556304925 nan 0.6   
219 2190 0.02473960978438412 565.5673634270057 1216323.9405726218 1.2163239405726218e+06 1216327.117667805 1216333.316517949 3.6886534434743226 1216324.7700024992 nan 0.6   
220 2200 0.02673475736181008 563.3724564641094 1216321.8024075883 1.2163218024075883e+06 1216326.2176004234 1216327.4252218178 2.7012285131495446 1216324.3861270363 nan 0.6   
221 2210 0.03007181756483887 564.1248602332075 1216321.8024075883 1.2163220839400068e+06 1216325.276724597 1216329.4014222173 2.3900712984614074 1216323.8281058639 nan 0.6   
222 2220 0.03153321290957813 557.6760018812514 1216318.9650708633 1.2163189650708633e+06 1216327.6170573777 1216330.3003999703 5.379360819933936 1216324.3656653324 nan 0.6   
223 2230 0.035514816416253474 584.2958283047802 1216318.583152315 1.2163185831523151e+06 1216325.7056590572 1216340.3413064585 6.988135559717193 1216322.3514872484 nan 0.6   
224 2240 0.03897524871338365 619.2951864595904 1216318.0925500342 1.2163180925500342e+06 1216325.373121378 1216329.7269143367 8.645875292131677 1216320.567448568 nan 0.6   
225 2250 0.04369044122838277 657.1973568870565 1216315.8904468426 1.2163158904468426e+06 1216322.81421443 1216330.9689302205 6.909993346547708 1216318.9067888306 nan 0.6   
226 2260 0.04508933770776119 721.4246614810023 1216314.2522918424 1.2163142522918424e+06 1216322.1191718117 1216337.0072160065 7.173524557612836 1216317.6132894973 nan 0.6   
227 2270 0.05019547915376342 739.9609915933717 1216310.9009527457 1.2163109009527457e+06 1216322.3606912578 1216334.2383771918 11.53806617250666 1216316.4760606636 nan 0.6   
228 2280 0.05315880675879787 777.7658687035607 1216310.191123159 1.2163101911231589e+06 1216316.8922818727 1216333.6940710922 8.574679048266262 1216313.6402719184 nan 0.7   
229 2290 0.0544097756688971 792.2719229895719 1216310.191123159 1.2163117916341051e+06 1216319.4289812436 1216356.450487004 11.45238370867446 1216312.8987822337 nan 0.7   
230 2300 0.0588624326200931 799.2165027178709 1216309.7815259206 1.2163097815259206e+06 1216316.9577192194 1216339.5702333048 17.403031158261 1216314.3538046235 nan 0.7   
231 2310 0.056569977889197445 817.5624678107162 1216305.7158384486 1.2163057158384486e+06 1216314.3490952854 1216320.9737207221 10.4237954064738 1216308.388819294 nan 0.7   
232 2320 0.05837480150227379 828.6222822125925 1216298.8157034293 1.2162988157034293e+06 1216311.8934952933 1216327.723048753 18.26225159643218 1216304.8258436427 nan 0.7   
233 2330 0.06002079011219647 882.0456744037944 1216298.0130084308 1.2162980130084308e+06 1216311.6446321716 1216316.4625336137 10.376210159854963 1216305.7999967008 nan 0.7   
234 2340 0.060413691387936445 912.7519858870547 1216298.0130084308 1.2162983805688275e+06 1216304.7377402768 1216316.0494094265 10.700666430173442 1216299.667579634 nan 0.7   
235 2350 0.05848163801728601 917.9093733138956 1216298.0130084308 1.2163010228751679e+06 1216307.38642656 1216322.498123033 8.381111888447776 1216303.0878892373 nan 0.7   
236 2360 0.05403831847604662 934.5011665159129 1216298.0130084308 1.2162987600302631e+06 1216305.1410584373 1216320.8458436772 7.851579090813175 1216302.215947074 nan 0.7   
237 2370 0.0516567387596621 894.9009936784084 1216298.0130084308 1.2163005054344619e+06 1216309.9575015793 1216315.6835615127 7.464508044999093 1216305.4702942774 nan 0.7   
238 2380 0.04692101204446857 896.1862460811562 1216298.0130084308 1.2163041001547608e+06 1216313.6096073969 1216332.233240565 10.944408718729392 1216306.6061110043 nan 0.7   
239 2390 0.0440497000302562 906.4272519255675 1216298.0130084308 1.2163009376347556e+06 1216308.3307406271 1216313.1837034228 6.683247277280316 1216303.828369594 nan 0.7   
240 2400 0.042588431270447376 891.9519307371019 1216297.514294439 1.2162975142944390e+06 1216303.5488632484 1216305.3214080476 5.752626875415444 1216298.8157655231 nan 0.7   
241 2410 0.038950651738068574 908.7506003341505 1216296.9610268406 1.2162969610268406e+06 1216305.011363265 1216312.1353349315 8.011037178570405 1216300.663296125 nan 0.7   
242 2420 0.03698103762395325 890.0035663693034 1216293.9039502447 1.2162939039502447e+06 1216300.1524243173 1216301.2063312556 2.5730954352766275 1216298.0126849816 nan 0.7   
243 2430 0.03466639456424926 887.3947885920611 1216293.9039502447 1.2162942252116273e+06 1216297.0538360858 1216300.2300351125 2.3873063335195184 1216295.0100956883 nan 0.7   
244 2440 0.033344096472608206 898.25542472608 1216293.9039502447 1.2162942841173895e+06 1216297.9427629034 1216300.7961427579 2.566564198816195 1216296.0196997672 nan 0.7   
245 2450 0.03259046695843564 860.0297821311698 1216293.9039502447 1.2162950631956533e+06 1216298.007176509 1216300.9533489596 3.288155153626576 1216296.0868545363 nan 0.7   
246 2460 0.02976483316290055 852.3270195628651 1216293.9039502447 1.2162947509015035e+06 1216296.965242068 1216299.0643158641 2.030432000523433 1216296.1049149856 nan 0.7   
247 2470 0.0271256680433892 854.8390670881053 1216293.9039502447 1.2162949836233307e+06 1216296.6874726494 1216298.3821890973 2.076734562870115 1216295.7500744362 nan 0.7   
248 2480 0.02586093601738861 828.8710412603917 1216293.9039502447 1.2162944960602566e+06 1216296.7242693573 1216299.6576023924 2.0037974200677127 1216295.5495672338 nan 0.7   
249 2490 0.022952878057532284 790.4486633822744 1216293.9039502447 1.2162939210174826e+06 1216295.5270618289 1216300.9024947924 2.8034830251708627 1216294.6105173912 nan 0.7   
250 2500 0.021749813714275423 783.3237143996097 1216293.9039502447 1.2162939897894224e+06 1216294.6610286972 1216296.181999261 1.2204561280086637 1216294.082011482 nan 0.7   
251 2510 0.02006034047297919 760.4614916021659 1216293.6588478205 1.2162936588478205e+06 1216294.4436668053 1216296.241864681 0.7407904758583754 1216294.0335684519 nan 0.7   
252 2520 0.018058052805570428 771.3982825160901 1216293.4731451105 1.2162934731451105e+06 1216294.2082932717 1216295.1507197423 0.9706737098749727 1216293.7318238583 nan 0.7   
253 2530 0.015928983425033932 755.7144946935618 1216293.322697455 1.2162933226974551e+06 1216293.944287425 1216294.851577687 0.557490551378578 1216293.5018330389 nan 0.7   
254 2540 0.014292910363462604 744.9234610564772 1216293.322697455 1.2162933323384235e+06 1216293.4974274314 1216295.1256290018 0.33470353530719876 1216293.4009788851 nan 0.7   
255 2550 0.012919535661375298 776.2151149219368 1216293.2271120083 1.2162932271120083e+06 1216293.50928202 1216294.1148974802 0.44491366972215474 1216293.4397737277 nan 0.7   
256 2560 0.011651699021269455 736.3991162827034 1216293.2271120083 1.2162932465530052e+06 1216293.624808312 1216293.8091484115 0.3017078381963074 1216293.402858184 nan 0.7   
257 2570 0.010429770087781022 713.0844069046063 1216293.1280738802 1.2162931280738802e+06 1216293.3638883352 1216293.6779665183 0.10555215575732291 1216293.2843843938 nan 0.7   
258 2580 0.009712229943556397 717.1673235861656 1216293.1280738802 1.2162931812645730e+06 1216293.3719542034 1216293.5232249335 0.21119003277271986 1216293.2748887222 nan 0.7   
259 2590 0.009556359029859452 722.1103048267695 1216293.1280738802 1.2162931320788627e+06 1216293.2980573783 1216293.5525929278 0.19816038175486028 1216293.198545759 nan 0.7   
260 2600 0.008662040763888873 702.5919045863319 1216293.0992436293 1.2162930992436293e+06 1216293.2415891616 1216293.4762994833 0.16128855990245938 1216293.1916385405 nan 0.8   
261 2610 0.007955541872676934 699.7298000522977 1216293.0800649996 1.2162930800649996e+06 1216293.2175893076 1216293.3393240692 0.18577649747021496 1216293.0946024219 nan 0.8   
262 2620 0.00793558913873479 712.8016348209887 1216293.053589305 1.2162930535893049e+06 1216293.2032749527 1216293.374788008 0.14515700726769865 1216293.079178596 nan 0.8   
263 2630 0.007337282773063935 719.2984809709359 1216293.053589305 1.2162930549784512e+06 1216293.1227788809 1216293.2961233533 0.09876404027454555 1216293.091554553 nan 0.8   
264 2640 0.0072994190338731895 706.9568822341686 1216293.053589305 1.2162930800600280e+06 1216293.1282527621 1216293.2345184335 0.06360357603989542 1216293.0957615385 nan 0.8   
265 2650 0.006530107555871236 700.8405416721631 1216293.0513145565 1.2162930513145565e+06 1216293.1517649428 1216293.3384880237 0.06484249420464039 1216293.1050224584 nan 0.8   
266 2660 0.005910177601916198 703.1084145037739 1216293.0513145565 1.2162930861633066e+06 1216293.1147208237 1216293.2432250003 0.04254011856392026 1216293.0981748523 nan 0.8   
267 2670 0.005398370484515379 714.8057328013907 1216293.0513145565 1.2162930683361893e+06 1216293.1389990482 1216293.3053482268 0.07661101850681007 1216293.1058836114 nan 0.8   
268 2680 0.005069522333474537 728.9106758769824 1216293.0513145565 1.2162930551911532e+06 1216293.1012556173 1216293.1542489731 0.05219778837636113 1216293.0677093086 nan 0.8   
269 2690 0.004728293290790067 716.9039395835937 1216293.0513145565 1.2162930553813230e+06 1216293.0948753406 1216293.1616726255 0.04740528017282486 1216293.0604626 nan 0.8   
270 2700 0.004471081701509082 706.8370579718804 1216293.0513145565 1.2162930570631211e+06 1216293.075850572 1216293.1303400695 0.03824238642118871 1216293.0636668028 nan 0.8   
271 2710 0.0038975955194954 707.5630011560784 1216293.0434324946 1.2162930434324946e+06 1216293.0640734502 1216293.1161293995 0.01891548535786569 1216293.056930419 nan 0.8   
272 2720 0.0040762707750128776 683.8685437496083 1216293.0145193744 1.2162930145193744e+06 1216293.0555194628 1216293.0718144607 0.03022383712232113 1216293.0358030556 nan 0.8   
273 2730 0.003840019220414942 688.3760980961857 1216293.0145193744 1.2162930192771656e+06 1216293.0396804106 1216293.0910855066 0.03311638021841645 1216293.0205602073 nan 0.8   
274 2740 0.0039228654140710546 709.8234075410768 1216293.0145193744 1.2162930157290213e+06 1216293.0303891716 1216293.073869749 0.01155784702859819 1216293.0210569901 nan 0.8   
275 2750 0.0038616598742146455 720.808046506181 1216293.0126345945 1.2162930126345945e+06 1216293.0392962988 1216293.0732015271 0.03228962584398687 1216293.019544521 nan 0.8   
276 2760 0.0035409877034722004 694.5238649082933 1216293.0126345945 1.2162930218677893e+06 1216293.0411173906 1216293.0599124194 0.01276130648329854 1216293.0323700167 nan 0.8   
277 2770 0.003425128407670065 700.2223540762786 1216293.0126345945 1.2162930146295212e+06 1216293.0323495967 1216293.046688592 0.01460786210373044 1216293.0255183547 nan 0.8   
278 2780 0.0033757723060637373 715.201235435692 1216293.004812274 1.2162930048122739e+06 1216293.033898844 1216293.0514405805 0.03047608002088964 1216293.018025959 nan 0.8   
279 2790 0.0032567759401459645 732.3647133278387 1216293.004812274 1.2162930077364875e+06 1216293.0326993072 1216293.0532672536 0.024940920062363148 1216293.014305998 nan 0.8   
280 2800 0.0032223888264285056 718.5038804628142 1216292.998222592 1.2162929982225921e+06 1216293.022531674 1216293.0397020208 0.01972445542924106 1216293.0137581138 nan 0.8   
281 2810 0.003435144187301325 731.8544736974646 1216292.9920009612 1.2162929920009612e+06 1216293.0134643374 1216293.0373001853 0.016008012928068638 1216293.0034936704 nan 0.8   
282 2820 0.0033892385616178656 737.4563271329638 1216292.9920009612 1.2162929972755511e+06 1216293.008692594 1216293.0268081236 0.013552742311730981 1216293.0024873659 nan 0.8   
283 2830 0.003207123405903467 738.4380265421368 1216292.990236179 1.2162929902361790e+06 1216292.9964204992 1216293.0102883168 0.010566372890025377 1216292.9934180398 nan 0.8   
284 2840 0.0030314182361822232 728.2036953595351 1216292.990236179 1.2162929955355022e+06 1216293.0111122155 1216293.0287467926 0.016887572593986988 1216292.999412168 nan 0.8   
285 2850 0.002920125820119069 663.903072857607 1216292.9858829177 1.2162929858829177e+06 1216293.0038846547 1216293.0168682563 0.016237767646089196 1216292.9938755638 nan 0.8   
286 2860 0.002907462638631861 676.4897817270818 1216292.9813250045 1.2162929813250045e+06 1216292.9906940244 1216293.0013174196 0.004551750840619206 1216292.9880398277 nan 0.8   
287 2870 0.0027564529152784823 682.4670500872878 1216292.9767011844 1.2162929767011844e+06 1216292.9944740932 1216293.0044522458 0.015763264149427414 1216292.9816958657 nan 0.8   
288 2880 0.0027939418156917688 676.6267919230014 1216292.9757511956 1.2162929757511956e+06 1216292.9835757378 1216292.9913063706 0.010225792415440083 1216292.9784703762 nan 0.8   
289 2890 0.0028208179496689253 678.5661098622193 1216292.9743455308 1.2162929743455308e+06 1216292.9898360036 1216292.998851354 0.008393701165914536 1216292.983104352 nan 0.8   
290 2900 0.0027300193542620426 664.2727331744388 1216292.9662162731 1.2162929662162731e+06 1216292.9758765798 1216292.99420547 0.009849502705037594 1216292.971885291 nan 0.8   
291 2910 0.00280408224890719 699.2022795790226 1216292.9662162731 1.2162929688494604e+06 1216292.9790014233 1216292.9974722634 0.011626794002950191 1216292.9703817968 nan 0.8   
292 2920 0.003350229543997579 716.6785065843328 1216292.9531114884 1.2162929531114884e+06 1216292.9667267033 1216292.9917345052 0.011801885673776269 1216292.9618093234 nan 0.8   
293 2930 0.0035342052011367356 700.0036167613965 1216292.9531114884 1.2162929542103405e+06 1216292.9684684793 1216292.9911921986 0.010589962126687169 1216292.9659090214 nan 0.8   
294 2940 0.00407848178090379 718.645407566515 1216292.9486527094 1.2162929486527094e+06 1216292.9722979814 1216292.9875501005 0.018399137072265148 1216292.958968967 nan 0.8   
295 2950 0.004315032572078707 751.9769380610317 1216292.9346277108 1.2162929346277108e+06 1216292.9655295056 1216292.9826826097 0.02607932430692017 1216292.9442789264 nan 0.8   
296 2960 0.004947537445755424 730.4682490456037 1216292.9288995557 1.2162929288995557e+06 1216292.9572237264 1216292.9710807055 0.01792408525943756 1216292.946521123 nan 0.8   
297 2970 0.005019708875492014 732.9461775708555 1216292.9288995557 1.2162929355092377e+06 1216292.9522776916 1216292.992475479 0.030080418568104506 1216292.9407223943 nan 0.8   
298 2980 0.004935230503606597 733.6935091592186 1216292.9288995557 1.2162929337761004e+06 1216292.9564607881 1216292.9885850837 0.025296234525740147 1216292.9421042555 nan 0.9   
299 2990 0.005015311978061459 720.393091564558 1216292.9139272769 1.2162929139272769e+06 1216292.9532024462 1216293.0616047925 0.04888231377117336 1216292.9190819291 nan 0.9   
300 3000 0.006112645847203243 715.8345461489838 1216292.876796118 1.2162928767961180e+06 1216292.9339473825 1216292.9554917703 0.0394639135338366 1216292.907472401 nan 0.9   
301 3010 0.007018500625313369 709.8441697182 1216292.861221725 1.2162928612217249e+06 1216292.9110854466 1216292.9388206743 0.028486405033618212 1216292.903440662 nan 0.9   
302 3020 0.0075732657962874 694.5395961284386 1216292.861221725 1.2162928697134764e+06 1216292.9225046358 1216292.9546246468 0.04530711052939296 1216292.8900246762 nan 0.9   
303 3030 0.007458695031893094 685.9180481710252 1216292.861221725 1.2162928985377750e+06 1216292.9235529613 1216292.988724933 0.06265749898739159 1216292.8995422171 nan 0.9   
304 3040 0.0073145337586450546 672.9587598847485 1216292.861221725 1.2162928929257956e+06 1216292.9145607813 1216293.0224721285 0.0496837361715734 1216292.9027977572 nan 0.9   
305 3050 0.007207121528741166 660.1864998793054 1216292.849139589 1.2162928491395889e+06 1216292.9171563943 1216293.002968051 0.05766719370149076 1216292.8946305467 nan 0.9   
306 3060 0.0073743415755464945 646.6289755369844 1216292.8277014918 1.2162928277014918e+06 1216292.865643834 1216292.9668110625 0.03344698343425989 1216292.8550748373 nan 0.9   
307 3070 0.008358186333835557 652.9427091104155 1216292.7775810813 1.2162927775810813e+06 1216292.8385790696 1216292.8989192497 0.02863467880524695 1216292.8149736065 nan 0.9   
308 3080 0.00874386200565263 708.4349883537077 1216292.7741200018 1.2162927741200018e+06 1216292.820179599 1216292.9627972592 0.05796465976163745 1216292.7868639308 nan 0.9   
309 3090 0.009405341288529675 721.3259105661391 1216292.7741200018 1.2162927900181278e+06 1216292.8302455333 1216292.8579183717 0.04037577100098133 1216292.8036912088 nan 0.9   
310 3100 0.009980706406076319 744.2991743948558 1216292.7741200018 1.2162927942837295e+06 1216292.8588868799 1216292.9095472523 0.0436783239711076 1216292.8340059884 nan 0.9   
311 3110 0.009827861599129583 763.1159636833124 1216292.7741200018 1.2162927950307536e+06 1216292.8899735755 1216292.9470316144 0.10888669523410499 1216292.8303375223 nan 0.9   
312 3120 0.009941464140297845 740.8402391300917 1216292.7097761214 1.2162927097761214e+06 1216292.8082511974 1216292.9011350286 0.0933413184247911 1216292.7784375977 nan 0.9   
313 3130 0.010398746511313535 762.9400385340289 1216292.6816365968 1.2162926816365968e+06 1216292.7787442964 1216292.893605644 0.05358200892806053 1216292.7531493886 nan 0.9   
314 3140 0.01130794081307673 795.7481965131652 1216292.6816365968 1.2162926983141573e+06 1216292.7470836977 1216292.8571684933 0.049655142705887556 1216292.7144787838 nan 0.9   
315 3150 0.012203562794384216 819.0936424064316 1216292.6367872236 1.2162926367872236e+06 1216292.7321229 1216292.8501854914 0.12047717813402414 1216292.6764856891 nan 0.9   
316 3160 0.01273791726747505 847.0404309526754 1216292.6367872236 1.2162926516495522e+06 1216292.7569735113 1216292.9083989512 0.0811735054012388 1216292.720857109 nan 0.9   
317 3170 0.012580145399742487 856.782796130564 1216292.5894660845 1.2162925894660845e+06 1216292.7217117979 1216292.8090705627 0.09689993993379176 1216292.653906289 nan 0.9   
318 3180 0.012134128340742933 850.0338672896283 1216292.578855825 1.2162925788558249e+06 1216292.6868163082 1216292.881557675 0.16183962719514966 1216292.6515102535 nan 0.9   
319 3190 0.012556536982565461 844.9519636471063 1216292.4727184628 1.2162924727184628e+06 1216292.6810131096 1216292.7147125283 0.1650876854546368 1216292.5236389132 nan 0.9   
320 3200 0.013649473662194317 916.4559609556229 1216292.4357950003 1.2162924357950003e+06 1216292.5630765732 1216292.6917224051 0.14651087392121553 1216292.5022745966 nan 0.9   
321 3210 0.015375595071885654 977.2998435961345 1216292.4109049726 1.2162924109049726e+06 1216292.57883841 1216292.6735734446 0.2130790576338768 1216292.423680069 nan 0.9   
322 3220 0.01588313221892054 974.10084711378 1216292.2941423361 1.2162922941423361e+06 1216292.5435621024 1216292.684219724 0.2134552733041346 1216292.4195383198 nan 0.9   
323 3230 0.01593686681513453 946.9169192151388 1216292.2941423361 1.2162923382040237e+06 1216292.5373928729 1216292.6561192414 0.1400834578089416 1216292.4265923933 nan 0.9   
324 3240 0.015497129820171726 948.5738220687244 1216292.2941423361 1.2162923788271225e+06 1216292.4916851525 1216292.7579862387 0.19042251072824 1216292.395775062 nan 0.9   
325 3250 0.01633665929227645 884.1650973461833 1216292.2358320814 1.2162922358320814e+06 1216292.413362152 1216292.4872075017 0.15219506691209972 1216292.3104905968 nan 0.9   
326 3260 0.016595658468000422 992.2177280058171 1216292.1633975792 1.2162921633975792e+06 1216292.3733243977 1216292.50294909 0.13013337715528905 1216292.3503485147 nan 0.9   
327 3270 0.017914794695681004 994.6036816481592 1216292.1633975792 1.2162922235887493e+06 1216292.3602588635 1216292.5544233778 0.1269738245755434 1216292.304234814 nan 0.9   
328 3280 0.017546815231699136 984.98703466756 1216292.1633975792 1.2162923022069803e+06 1216292.5591334677 1216292.8684777073 0.22751774196512997 1216292.458919957 nan 0.9   
329 3290 0.018748320293699574 947.0424332679418 1216292.150055751 1.2162921500557510e+06 1216292.4073714297 1216292.6555468063 0.20508354273624718 1216292.2728071085 nan 0.9   
330 3300 0.01731215419582004 955.7904719900862 1216292.150055751 1.2162921919636230e+06 1216292.3577744765 1216293.1351854266 0.15169900096952915 1216292.3127674498 nan 0.9   
331 3310 0.01694821555476964 980.0342118716534 1216292.092913093 1.2162920929130930e+06 1216292.282064652 1216292.599762874 0.13187740393914282 1216292.2387396703 nan 0.9   
332 3320 0.01636965211427385 993.8828582449288 1216292.0022357 1.2162920022356999e+06 1216292.2923542426 1216292.4637545422 0.261799176922068 1216292.090254081 nan 0.9   
333 3330 0.01674905626041938 998.6582856465385 1216291.8858220926 1.2162918858220926e+06 1216292.1300528245 1216292.2475225711 0.19188612303696573 1216291.9780348735 nan 0.9   
334 3340 0.017217351078221442 1061.7565982502636 1216291.8858220926 1.2162919107989476e+06 1216292.0082315342 1216292.216076821 0.10540261026471853 1216291.9736496278 nan 1.0   
335 3350 0.01816748760927178 1159.7390011625623 1216291.6925449832 1.2162916925449832e+06 1216291.9918080391 1216292.204884145 0.25577382394112647 1216291.8977431213 nan 1.0   
336 3360 0.018638490619271503 1233.6832943384218 1216291.6925449832 1.2162917995605934e+06 1216291.8895302366 1216292.124043348 0.0875341275241226 1216291.8341224724 nan 1.0   
337 3370 0.020466574870467557 1339.97725063973 1216291.6252691122 1.2162916252691122e+06 1216291.8705468546 1216292.2008095428 0.1312578502111137 1216291.82330305 nan 1.0   
338 3380 0.018827922801540227 1420.167430506903 1216291.5431712999 1.2162915431712999e+06 1216291.8857161065 1216292.3694703393 0.16761544067412615 1216291.761833385 nan 1.0   
339 3390 0.019642212470689275 1419.8569360986562 1216291.5387870558 1.2162915387870558e+06 1216291.692917311 1216292.1107291454 0.20335990679450333 1216291.612892168 nan 1.0   
340 3400 0.01923240767583184 1431.7642011782063 1216291.5387870558 1.2162915493715657e+06 1216291.7123252042 1216292.045405691 0.15273206494748592 1216291.5623269158 nan 1.0   
341 3410 0.020286344422234693 1407.2378148252967 1216291.3030920536 1.2162913030920536e+06 1216291.5763100437 1216291.8928964653 0.28619737713597715 1216291.511625113 nan 1.0   
342 3420 0.021175725883044557 1450.7200114621867 1216291.246177675 1.2162912461776750e+06 1216291.631013573 1216291.8369765228 0.2798630672041327 1216291.42039329 nan 1.0   
343 3430 0.020350802260481835 1528.2821272291183 1216291.246177675 1.2162913601267487e+06 1216291.4957481544 1216291.8182673692 0.10504364711232483 1216291.4407040747 nan 1.0   
344 3440 0.021822644903223155 1515.1850354489056 1216291.0670213222 1.2162910670213222e+06 1216291.4890421692 1216291.791521878 0.25750686624087393 1216291.2468902348 nan 1.0   
345 3450 0.021873209799400956 1624.908564625104 1216291.0670213222 1.2162912478070243e+06 1216291.421428277 1216291.7061104388 0.08587133674882352 1216291.3923743037 nan 1.0   
346 3460 0.02137267664402914 1544.1058135058931 1216291.0670213222 1.2162911382273459e+06 1216291.1939187753 1216291.4896551077 0.1391219710931182 1216291.153604427 nan 1.0   
347 3470 0.020512183818920268 1482.2949311732427 1216290.9557405813 1.2162909557405813e+06 1216291.3295160558 1216291.5297521558 0.1507032138761133 1216291.2239299486 nan 1.0   
348 3480 0.02154698807576462 1553.3148251957095 1216290.837627093 1.2162908376270931e+06 1216291.1214407475 1216291.3305226446 0.10742659796960652 1216291.0277124292 nan 1.0   
349 3490 0.021636489425447998 1637.2537433865484 1216290.837627093 1.2162908493219833e+06 1216291.1071380062 1216291.4358033407 0.2702909056097269 1216290.9492546036 nan 1.0   
350 3500 0.02209346932838362 1654.4165576036094 1216290.6472717961 1.2162906472717961e+06 1216291.0284225722 1216291.152706286 0.33480331115424633 1216290.8044184528 nan 1.0   
351 3510 0.023507931900126698 1768.8332794832602 1216290.6472717961 1.2162907107553883e+06 1216290.8435620484 1216290.9801903102 0.1469514414202422 1216290.7840773552 nan 1.0   
352 3520 0.023948695933775396 1902.0642521707148 1216290.4319333213 1.2162904319333213e+06 1216290.8399701163 1216291.9812895178 0.1899745180271566 1216290.7592016496 nan 1.0   
353 3530 0.02459243951430362 2000.8654848589395 1216290.4319333213 1.2162905635028954e+06 1216290.7737556477 1216291.2240772862 0.2838429759722203 1216290.669826818 nan 1.0   
354 3540 0.02546879787976755 2023.8435226868999 1216290.3535814413 1.2162903535814413e+06 1216290.910654908 1216291.2570117651 0.3335008060093969 1216290.6359411287 nan 1.0   
355 3550 0.0259899313877733 2046.0600369649803 1216290.3535814413 1.2162904512773727e+06 1216290.7317482491 1216291.0292645053 0.41465597320348024 1216290.4928789446 nan 1.0   
356 3560 0.023679625310598255 2090.801578670362 1216290.3512416864 1.2162903512416864e+06 1216290.507447988 1216290.9386176108 0.2528507837560028 1216290.4190430134 nan 1.0   
357 3570 0.021813204541696257 2072.595737632396 1216290.3506671707 1.2162903506671707e+06 1216290.5266937292 1216290.7202371284 0.16935495077632368 1216290.4554842482 nan 1.0   
358 3580 0.02117069837140047 2171.945060751569 1216290.3506671707 1.2162904040639561e+06 1216290.5992129277 1216290.6849070732 0.09236772521398962 1216290.5455044904 nan 1.0   
359 3590 0.020298449878082884 2126.8407253746004 1216290.3506671707 1.2162903546979278e+06 1216290.510309992 1216290.7810927704 0.21536906994879246 1216290.4000682652 nan 1.0   
360 3600 0.018376408878511524 2081.954454054846 1216290.2500376415 1.2162902500376415e+06 1216290.497418538 1216290.9016089807 0.2280876380391419 1216290.3832946636 nan 1.0   
361 3610 0.01596687352761931 1992.3546862743535 1216290.2500376415 1.2162902913892174e+06 1216290.445473562 1216290.5959508703 0.13695520837791264 1216290.355665002 nan 1.0   
362 3620 0.015242865046851661 1988.4878846166348 1216290.2500376415 1.2162902764133748e+06 1216290.3567425513 1216290.4536212268 0.033055022824555635 1216290.330446395 nan 1.0   
363 3630 0.013840606086687383 1859.7133675692178 1216290.2500376415 1.2162902607924533e+06 1216290.3511683973 1216290.410576485 0.0798995376098901 1216290.2857319603 nan 1.0   
364 3640 0.013293163968410774 1828.117485692892 1216290.2384096945 1.2162902384096945e+06 1216290.281123006 1216290.374943158 0.08468794822692871 1216290.2514311 nan 1.0   
365 3650 0.01266697750447493 1722.6412356867152 1216290.2319227064 1.2162902319227064e+06 1216290.269587297 1216290.3195307555 0.02978266985155642 1216290.2491577694 nan 1.0   
366 3660 0.011489635236473568 1754.5538078868092 1216290.2319227064 1.2162902361032695e+06 1216290.2674564212 1216290.314412446 0.04189563635736704 1216290.2533824174 nan 1.0   
367 3670 0.011963535120677117 1675.023684141379 1216290.2319227064 1.2162902391010204e+06 1216290.262884488 1216290.316634109 0.03835297957994044 1216290.2501814405 nan 1.0   
368 3680 0.010771139272050975 1635.6596098542316 1216290.2319227064 1.2162902397734302e+06 1216290.26186022 1216290.305774879 0.013061890378594398 1216290.255514552 nan 1.0   
369 3690 0.00904515214930802 1588.7570416843978 1216290.2157147003 1.2162902157147003e+06 1216290.2403164578 1216290.3312143441 0.01769125903956592 1216290.2331996323 nan 1.0   
370 3700 0.008723491584951748 1594.5999595453657 1216290.2125209637 1.2162902125209637e+06 1216290.2342896163 1216290.2746121793 0.02249742904677987 1216290.2194542536 nan 1.1   
371 3710 0.008830288345481893 1543.9881658565355 1216290.2125209637 1.2162902184598895e+06 1216290.2304208134 1216290.2642746316 0.02351386775262654 1216290.2220252303 nan 1.1   
372 3720 0.0081184046510039 1492.5032236183422 1216290.2125209637 1.2162902154689403e+06 1216290.2460101885 1216290.2494211434 0.013697720598429441 1216290.2331493737 nan 1.1   
373 3730 0.006978680677442507 1548.1093589238903 1216290.2125209637 1.2162902145787864e+06 1216290.220705264 1216290.2476686174 0.014286758145317435 1216290.2191171972 nan 1.1   
374 3740 0.006422847058139633 1513.3882149808617 1216290.2125209637 1.2162902155587643e+06 1216290.231588665 1216290.2398689103 0.01738504273816943 1216290.2188919436 nan 1.1   
375 3750 0.006359397113100328 1501.798436363679 1216290.2125209637 1.2162902139129546e+06 1216290.2258539223 1216290.2403084876 0.021509529324248433 1216290.21547232 nan 1.1   
376 3760 0.0064049502269491595 1567.9562634439062 1216290.2109973226 1.2162902109973226e+06 1216290.2220833306 1216290.2346258357 0.007118041394278407 1216290.217387522 nan 1.1   
377 3770 0.006385677889142436 1529.2007707311716 1216290.2109973226 1.2162902141071493e+06 1216290.220577322 1216290.2354236757 0.010025271913036704 1216290.215162943 nan 1.1   
378 3780 0.006680898948739626 1533.7616117505243 1216290.2109973226 1.2162902138660026e+06 1216290.2285211214 1216290.2442081394 0.018495958764106035 1216290.220540436 nan 1.1   
379 3790 0.006108170920677456 1529.352608207268 1216290.2109346823 1.2162902109346823e+06 1216290.2276265037 1216290.2406237617 0.007496685022488236 1216290.225323648 nan 1.1   
380 3800 0.005118128377059243 1529.597101408959 1216290.2088704517 1.2162902088704517e+06 1216290.215663702 1216290.2262923508 0.008231239393353462 1216290.212800731 nan 1.1   
381 3810 0.00434491599883992 1543.3952668611187 1216290.2088704517 1.2162902096129251e+06 1216290.2176827628 1216290.2279874817 0.007723899558186531 1216290.21194783 nan 1.1   
382 3820 0.0039712628586823185 1553.2601871369181 1216290.2088704517 1.2162902097571287e+06 1216290.2120767431 1216290.2138048836 0.0022331096697598696 1216290.211217722 nan 1.1   
383 3830 0.0036336868240905633 1535.8545413083427 1216290.2069290024 1.2162902069290024e+06 1216290.2113886883 1216290.216455983 0.00681062345393002 1216290.2088001822 nan 1.1   
384 3840 0.003336768978670088 1529.620158651807 1216290.2069290024 1.2162902081760156e+06 1216290.210575187 1216290.2127636534 0.002205529948696494 1216290.2090826952 nan 1.1   
385 3850 0.0031667252903944624 1446.2789327924095 1216290.2069290024 1.2162902094544233e+06 1216290.212084607 1216290.2155724561 0.0027819566894322634 1216290.2099290704 nan 1.1   
386 3860 0.002860462857269316 1394.1290077333665 1216290.2069290024 1.2162902071178076e+06 1216290.2122200509 1216290.2145603853 0.0024167625233531 1216290.2099936572 nan 1.1   
387 3870 0.002765463193641135 1388.0513744949578 1216290.2069290024 1.2162902071335963e+06 1216290.2079734607 1216290.2099201777 0.0016553387977182865 1216290.2073431856 nan 1.1   
388 3880 0.0027998333337419246 1431.0284204356385 1216290.2069290024 1.2162902069501902e+06 1216290.2080351536 1216290.2088369667 0.0010603414848446846 1216290.2076161637 nan 1.1   
389 3890 0.0027126381914727347 1413.809705445115 1216290.2065440398 1.2162902065440398e+06 1216290.20800259 1216290.2102304308 0.0015906819608062506 1216290.2069538764 nan 1.1   
390 3900 0.002641792255242163 1414.2665519971322 1216290.2054458354 1.2162902054458354e+06 1216290.2076417855 1216290.210471559 0.002663133665919304 1216290.2065835497 nan 1.1   
391 3910 0.002826569428833462 1437.7281257943132 1216290.2054458354 1.2162902056569085e+06 1216290.2063227887 1216290.2073969657 0.0014254082925617695 1216290.2058300083 nan 1.1   
392 3920 0.002788688306925246 1409.1347265459904 1216290.2054458354 1.2162902058706798e+06 1216290.2073452405 1216290.2087290047 0.0011826811823993921 1216290.2064996737 nan 1.1   
393 3930 0.0026012167845809887 1326.4078249557097 1216290.2054458354 1.2162902059154171e+06 1216290.2069738791 1216290.2084138547 0.0017198664136230946 1216290.2060878696 nan 1.1   
394 3940 0.002475438684535159 1350.4812329662998 1216290.2054458354 1.2162902056016997e+06 1216290.2067416166 1216290.207707273 0.0006515784189105034 1216290.2061151017 nan 1.1   
395 3950 0.0021450740895398524 1355.9257858364897 1216290.2053054506 1.2162902053054506e+06 1216290.206247738 1216290.206932998 0.000494436826556921 1216290.2060427894 nan 1.1   
396 3960 0.001996181368244919 1410.7290739783214 1216290.2053054506 1.2162902054620357e+06 1216290.2062223186 1216290.2068957398 0.000533317681401968 1216290.205941531 nan 1.1   
397 3970 0.001847169508576684 1419.4978179101904 1216290.2053054506 1.2162902054150063e+06 1216290.2058554045 1216290.2065068986 0.0002602690365165472 1216290.2056802176 nan 1.1   
398 3980 0.0017044684084348883 1456.0108046492533 1216290.2053054506 1.2162902054971778e+06 1216290.2058600278 1216290.2065314834 0.000731948297470808 1216290.205627758 nan 1.1   
399 3990 0.0017587638948767484 1481.3653141078998 1216290.2053054506 1.2162902054942870e+06 1216290.2057244964 1216290.207130541 0.00040161097422242165 1216290.2056521676 nan 1.1   
400 4000 0.00170901854152008 1528.52801047403 1216290.2052081896 1.2162902052081896e+06 1216290.2057255835 1216290.2058949915 0.00028858380392193794 1216290.2054843877 nan 1.1   
401 4010 0.0017341683833629364 1515.808073804155 1216290.2052081896 1.2162902052086005e+06 1216290.2054703746 1216290.206976917 0.00022779032588005066 1216290.2053884186 nan 1.1   
402 4020 0.0017245746459112854 1507.6615544023311 1216290.2051952044 1.2162902051952044e+06 1216290.2054747974 1216290.2059087935 0.00041240500286221504 1216290.2052970666 nan 1.1   
403 4030 0.0016071641347711173 1523.4041349309132 1216290.205176358 1.2162902051763581e+06 1216290.205424377 1216290.2057520996 0.0002654560375958681 1216290.2053195513 nan 1.1   
404 4040 0.0015342158262203725 1539.0677407276219 1216290.205176358 1.2162902053072685e+06 1216290.2056636985 1216290.205903132 0.00037769367918372154 1216290.2054077913 nan 1.1   
405 4050 0.0013354377782618396 1526.422936566814 1216290.2050689277 1.2162902050689277e+06 1216290.2053385584 1216290.205712438 0.00015075015835464 1216290.2052374452 nan 1.1   
406 4060 0.0011455609563121585 1485.3133520131762 1216290.2050689277 1.2162902051028211e+06 1216290.2052458934 1216290.2057407917 0.00014560366980731487 1216290.2051632958 nan 1.2   
407 4070 0.0010182438003751872 1485.4987767727443 1216290.2050663324 1.2162902050663324e+06 1216290.2052788986 1216290.2056186653 0.00020165927708148956 1216290.205111203 nan 1.2   
408 4080 0.000928843610894574 1489.7268905567196 1216290.2050361212 1.2162902050361212e+06 1216290.2051540676 1216290.2053446742 7.441709749400616e-05 1216290.2050837465 nan 1.2   
409 4090 0.0009189932299247856 1485.9084016971171 1216290.2050361212 1.2162902050743250e+06 1216290.2051508154 1216290.2052386717 9.332806803286076e-05 1216290.2050937563 nan 1.2   
410 4100 0.0008356615662784451 1486.8566238479518 1216290.2050361212 1.2162902050439080e+06 1216290.205122102 1216290.2051729632 5.3762923926115036e-05 1216290.2050850622 nan 1.2   
411 4110 0.0007935609206536727 1537.5026001070764 1216290.2050361212 1.2162902050399622e+06 1216290.2050744998 1216290.2052363218 5.127862095832825e-05 1216290.2050646576 nan 1.2   
412 4120 0.0007288291118057779 1527.618008077759 1216290.205030993 1.2162902050309931e+06 1216290.205090189 1216290.205186924 0.00010647973977029324 1216290.2050349782 nan 1.2   
413 4130 0.000652083771248222 1523.6110949478448 1216290.2050164368 1.2162902050164368e+06 1216290.2050752304 1216290.2051110896 7.072580046951771e-05 1216290.2050297316 nan 1.2   
414 4140 0.0005912413259178214 1558.4953105278682 1216290.2050164368 1.2162902050237446e+06 1216290.2050637992 1216290.2050915854 5.255988799035549e-05 1216290.2050283914 nan 1.2   
415 4150 0.0005207758860990839 1563.4289695709429 1216290.2050101834 1.2162902050101834e+06 1216290.2050744686 1216290.2051078172 5.467957817018032e-05 1216290.2050362972 nan 1.2   
416 4160 0.0004840792578658032 1537.3009641408673 1216290.2049961425 1.2162902049961425e+06 1216290.2050113266 1216290.2050534808 2.267630770802498e-05 1216290.2050048946 nan 1.2   
417 4170 0.000428486146797362 1535.506846646184 1216290.2049910435 1.2162902049910435e+06 1216290.2050311952 1216290.2050583006 3.0133873224258423e-05 1216290.2050072665 nan 1.2   
418 4180 0.0003805848783645868 1471.319473943787 1216290.2049910435 1.2162902050086218e+06 1216290.2050134838 1216290.2050220233 6.438465788960457e-06 1216290.2050109666 nan 1.2   
419 4190 0.0003545253640578008 1442.0615825650177 1216290.2049910435 1.2162902049982368e+06 1216290.2050101287 1216290.2050329994 1.1640368029475212e-05 1216290.2050015964 nan 1.2   
420 4200 0.0003290725909151087 1430.4317967083587 1216290.2049910435 1.2162902049994948e+06 1216290.2050114083 1216290.2050250366 1.0588672012090683e-05 1216290.2050048567 nan 1.2   
421 4210 0.00031028280277292663 1460.5496946907936 1216290.2049910435 1.2162902049934440e+06 1216290.2050049328 1216290.2050207842 9.855953976511955e-06 1216290.2050026006 nan 1.2   
422 4220 0.00030655181501410965 1402.2438407345219 1216290.2049910435 1.2162902049949099e+06 1216290.2050093412 1216290.205020942 1.1676689609885216e-05 1216290.204998084 nan 1.2   
423 4230 0.00028095286901703336 1460.0561873050574 1216290.2049910435 1.2162902049937511e+06 1216290.2049975106 1216290.2050088488 4.165340214967728e-06 1216290.2049954114 nan 1.2   
424 4240 0.0002838442401817874 1479.141761566001 1216290.2049910435 1.2162902049920708e+06 1216290.20499855 1216290.2050087596 7.706927135586739e-06 1216290.2049953302 nan 1.2   
425 4250 0.00028905105154603184 1504.6449492509266 1216290.2049910435 1.2162902049938061e+06 1216290.2050002087 1216290.2050052085 6.427289918065071e-06 1216290.2049948075 nan 1.2   
426 4260 0.000256166023838227 1496.1459707103534 1216290.2049910435 1.2162902049911353e+06 1216290.2050045235 1216290.2050121012 1.0330229997634888e-05 1216290.204995731 nan 1.2   
427 4270 0.0002366077427701471 1508.8908523279902 1216290.2049910435 1.2162902049913334e+06 1216290.20499576 1216290.2049975453 3.583962097764015e-06 1216290.2049928105 nan 1.2   
428 4280 0.00021392109925430595 1499.5395496467754 1216290.2049906238 1.2162902049906238e+06 1216290.2049949022 1216290.2050016595 7.679453119635582e-06 1216290.2049924326 nan 1.2   
429 4290 0.00020681053359329954 1438.4084312375574 1216290.2049906238 1.2162902049909255e+06 1216290.2049926622 1216290.2049987076 3.5478733479976654e-06 1216290.2049915139 nan 1.2   
430 4300 0.0002021610745083845 1444.8601659888006 1216290.204989985 1.2162902049899851e+06 1216290.2049933616 1216290.2050013132 3.6873389035463333e-06 1216290.2049906603 nan 1.2   
431 4310 0.00018131180198336828 1382.9128024289203 1216290.204989985 1.2162902049902787e+06 1216290.2049918754 1216290.2049948329 3.4980475902557373e-06 1216290.2049904342 nan 1.2   
432 4320 0.00016307385800620462 1392.2778240571288 1216290.2049895693 1.2162902049895693e+06 1216290.2049929556 1216290.2049974748 3.895256668329239e-06 1216290.2049908072 nan 1.2   
433 4330 0.00014622167795453302 1377.6751919294636 1216290.2049894328 1.2162902049894328e+06 1216290.2049906924 1216290.2049938869 1.0514631867408752e-06 1216290.2049902088 nan 1.2   
434 4340 0.0001253885658529396 1348.6333166065651 1216290.204989335 1.2162902049893350e+06 1216290.204990393 1216290.2049939285 1.205597072839737e-06 1216290.2049896726 nan 1.2   
435 4350 0.00011250981738348348 1277.0897676331754 1216290.2049891185 1.2162902049891185e+06 1216290.2049897714 1216290.2049909364 8.116476237773895e-07 1216290.20498937 nan 1.2   
436 4360 0.00010703694684690314 1224.2576762618332 1216290.2049888296 1.2162902049888296e+06 1216290.2049891483 1216290.2049905292 8.004717528820038e-07 1216290.20498895 nan 1.2   
437 4370 9.27361704633089e-05 1184.3549201062303 1216290.2049888296 1.2162902049888552e+06 1216290.2049895523 1216290.2049898254 4.770699888467789e-07 1216290.2049890985 nan 1.2   
438 4380 8.508038932064738e-05 1195.172335073211 1216290.2049886058 1.2162902049886058e+06 1216290.204989284 1216290.204990761 1.2202654033899307e-06 1216290.2049888696 nan 1.2   
439 4390 7.447104326577064e-05 1196.7192708093219 1216290.204988569 1.2162902049885690e+06 1216290.2049887755 1216290.2049896354 3.708992153406143e-07 1216290.2049887127 nan 1.2   
440 4400 6.844856228167786e-05 1247.9673134090692 1216290.204988569 1.2162902049886058e+06 1216290.2049888503 1216290.2049891085 3.1408853828907013e-07 1216290.2049887483 nan 1.2   
441 4410 6.639524598337723e-05 1210.4085679634836 1216290.204988569 1.2162902049886114e+06 1216290.2049887509 1216290.2049892773 1.8300488591194153e-07 1216290.2049886792 nan 1.3   
442 4420 6.210197511394369e-05 1269.1630299980611 1216290.2049885264 1.2162902049885264e+06 1216290.2049886642 1216290.2049893236 3.2549723982810974e-07 1216290.2049885592 nan 1.3   
443 4430 5.811403967718004e-05 1201.294858960473 1216290.2049884454 1.2162902049884454e+06 1216290.2049886824 1216290.2049889043 2.5867484509944916e-07 1216290.2049884682 nan 1.3   
444 4440 5.3478066962447196e-05 1201.6526133953964 1216290.2049884454 1.2162902049884852e+06 1216290.204988603 1216290.2049887795 1.8370337784290314e-07 1216290.204988543 nan 1.3   
445 4450 4.767838196288548e-05 1190.36598610808 1216290.2049884454 1.2162902049884514e+06 1216290.204988558 1216290.2049887648 1.1106021702289581e-07 1216290.2049885285 nan 1.3   
446 4460 4.31479950966377e-05 1143.0401840758223 1216290.2049884228 1.2162902049884228e+06 1216290.2049885 1216290.2049886077 6.05359673500061e-08 1216290.2049884812 nan 1.3   
447 4470 4.0645722369490716e-05 1142.953469442641 1216290.2049884226 1.2162902049884226e+06 1216290.2049884927 1216290.2049886603 8.218921720981598e-08 1216290.2049884761 nan 1.3   
448 4480 3.7221891473640365e-05 1124.9670005912792 1216290.204988422 1.2162902049884221e+06 1216290.2049885076 1216290.2049886654 7.636845111846924e-08 1216290.204988446 nan 1.3   
449 4490 3.4630373005224756e-05 1118.6331848335262 1216290.2049883679 1.2162902049883679e+06 1216290.2049884757 1216290.2049885285 5.052424967288971e-08 1216290.2049884482 nan 1.3   
450 4500 3.38076785391454e-05 1097.8715346810807 1216290.2049883679 1.2162902049883779e+06 1216290.204988437 1216290.204988498 7.636845111846924e-08 1216290.2049884144 nan 1.3   
451 4510 3.11976491275533e-05 1074.1394546723373 1216290.2049883665 1.2162902049883665e+06 1216290.2049883963 1216290.2049884785 4.6333298087120056e-08 1216290.204988389 nan 1.3   
452 4520 3.0342264878535235e-05 1069.7860469874267 1216290.2049883537 1.2162902049883537e+06 1216290.2049884005 1216290.2049884263 2.0721927285194397e-08 1216290.204988386 nan 1.3   
453 4530 2.934510051158212e-05 1103.628591469515 1216290.2049883485 1.2162902049883485e+06 1216290.204988398 1216290.2049884899 4.237517714500427e-08 1216290.2049883706 nan 1.3   
454 4540 2.6120243994871732e-05 1103.8775308915572 1216290.2049883485 1.2162902049883532e+06 1216290.204988377 1216290.2049884195 2.2584572434425354e-08 1216290.204988374 nan 1.3   
455 4550 2.2474199325471993e-05 1129.174562814012 1216290.2049883485 1.2162902049883555e+06 1216290.2049883783 1216290.204988402 2.2817403078079224e-08 1216290.2049883618 nan 1.3   
456 4560 1.924022571213268e-05 1111.7994507069286 1216290.2049883462 1.2162902049883462e+06 1216290.2049883644 1216290.2049883888 3.050081431865692e-08 1216290.2049883553 nan 1.3   
457 4570 1.7872283386441125e-05 1098.416197024929 1216290.2049883436 1.2162902049883436e+06 1216290.2049883567 1216290.204988366 1.1175870895385742e-08 1216290.204988351 nan 1.3   
458 4580 1.569865802463921e-05 1146.473721699212 1216290.2049883436 1.2162902049883481e+06 1216290.204988354 1216290.2049883627 6.984919309616089e-09 1216290.2049883502 nan 1.3   
459 4590 1.4108842468964578e-05 1153.8356051162975 1216290.2049883395 1.2162902049883395e+06 1216290.2049883562 1216290.2049883646 4.889443516731262e-09 1216290.2049883523 nan 1.3   
460 4600 1.3147168267601302e-05 1132.0412280505657 1216290.2049883395 1.2162902049883425e+06 1216290.204988348 1216290.2049883606 8.614733815193176e-09 1216290.2049883432 nan 1.3   
461 4610 1.2731625861615794e-05 1185.9902624669533 1216290.2049883395 1.2162902049883399e+06 1216290.2049883464 1216290.2049883518 4.6566128730773926e-09 1216290.2049883427 nan 1.3   
462 4620 1.1906908488080321e-05 1179.2709513337131 1216290.2049883395 1.2162902049883399e+06 1216290.2049883457 1216290.2049883513 5.820766091346741e-09 1216290.2049883434 nan 1.3   
463 4630 1.1299763685796138e-05 1172.6561440070789 1216290.2049883395 1.2162902049883397e+06 1216290.2049883464 1216290.2049883509 6.51925802230835e-09 1216290.2049883418 nan 1.3   
464 4640 1.0769537683832113e-05 1187.1664230879933 1216290.2049883392 1.2162902049883392e+06 1216290.2049883432 1216290.2049883523 5.820766091346741e-09 1216290.2049883401 nan 1.3   
465 4650 1.0563841358904496e-05 1168.738353709784 1216290.2049883376 1.2162902049883376e+06 1216290.2049883418 1216290.2049883457 2.561137080192566e-09 1216290.2049883404 nan 1.3   
466 4660 9.59898693387835e-06 1153.4455792256335 1216290.2049883376 1.2162902049883376e+06 1216290.2049883401 1216290.2049883436 1.862645149230957e-09 1216290.2049883385 nan 1.3   
467 4670 8.463722602871831e-06 1146.0130307390598 1216290.2049883376 1.2162902049883381e+06 1216290.2049883404 1216290.2049883455 4.190951585769653e-09 1216290.20498834 nan 1.3   
468 4680 7.74867526227801e-06 1136.9021490999417 1216290.2049883376 1.2162902049883383e+06 1216290.2049883395 1216290.2049883439 1.1641532182693481e-09 1216290.2049883388 nan 1.3   
469 4690 7.004318883145529e-06 1131.9541506196756 1216290.2049883376 1.2162902049883383e+06 1216290.2049883395 1216290.2049883422 1.1641532182693481e-09 1216290.204988339 nan 1.3   
470 4700 5.930679735884924e-06 1144.4470462864067 1216290.2049883376 1.2162902049883378e+06 1216290.2049883395 1216290.204988342 9.313225746154785e-10 1216290.2049883388 nan 1.3   
471 4710 5.322469491375619e-06 1175.021006229026 1216290.2049883374 1.2162902049883374e+06 1216290.2049883385 1216290.204988339 4.656612873077393e-10 1216290.2049883383 nan 1.3   
472 4720 4.752766251862202e-06 1154.2417374322304 1216290.2049883374 1.2162902049883374e+06 1216290.204988338 1216290.204988339 4.656612873077393e-10 1216290.2049883376 nan 1.3   
473 4730 4.463343424519906e-06 1130.5682230679022 1216290.2049883374 1.2162902049883374e+06 1216290.204988338 1216290.2049883395 6.984919309616089e-10 1216290.2049883376 nan 1.3   
474 4740 4.297863857798035e-06 1132.9080184111758 1216290.2049883371 1.2162902049883371e+06 1216290.2049883376 1216290.2049883385 4.656612873077393e-10 1216290.2049883374 nan 1.4   
475 4750 3.930825581872636e-06 1059.3805044069593 1216290.2049883371 1.2162902049883371e+06 1216290.2049883376 1216290.2049883385 9.313225746154785e-10 1216290.2049883374 nan 1.4   
476 4760 3.4164766663214724e-06 1022.8372189915514 1216290.2049883371 1.2162902049883374e+06 1216290.2049883374 1216290.204988338 2.3283064365386963e-10 1216290.2049883374 nan 1.4   
477 4770 3.1768425205760094e-06 998.0920109527838 1216290.2049883371 1.2162902049883371e+06 1216290.2049883376 1216290.2049883383 9.313225746154785e-10 1216290.2049883371 nan 1.4   
478 4780 3.0284160542252456e-06 1042.6246791610697 1216290.2049883371 1.2162902049883371e+06 1216290.2049883374 1216290.204988338 4.656612873077393e-10 1216290.2049883371 nan 1.4   
479 4790 2.8307061038007253e-06 1034.6921125329154 1216290.2049883371 1.2162902049883371e+06 1216290.2049883371 1216290.2049883376 2.3283064365386963e-10 1216290.2049883371 nan 1.4   
480 4800 2.6090867396512235e-06 1011.4343590141336 1216290.2049883371 1.2162902049883371e+06 1216290.2049883374 1216290.2049883374 2.3283064365386963e-10 1216290.2049883371 nan 1.4   
481 4810 2.4526622709826903e-06 1020.0329716584426 1216290.2049883371 1.2162902049883371e+06 1216290.2049883371 1216290.2049883378 4.656612873077393e-10 1216290.2049883371 nan 1.4   
482 4820 2.537149787944397e-06 1036.005897369167 1216290.2049883371 1.2162902049883371e+06 1216290.2049883371 1216290.2049883374 2.3283064365386963e-10 1216290.2049883371 nan 1.4   
483 4830 2.673549519754664e-06 1020.4591356584609 1216290.2049883371 1.2162902049883371e+06 1216290.2049883374 1216290.2049883378 0.0 1216290.2049883374 nan 1.4   
484 4840 2.6749582374687745e-06 1064.5938281314584 1216290.2049883371 1.2162902049883371e+06 1216290.2049883374 1216290.2049883376 0.0 1216290.2049883374 nan 1.4   
485 4850 2.5497893134354548e-06 1081.86596520582 1216290.2049883371 1.2162902049883371e+06 1216290.2049883374 1216290.2049883374 2.3283064365386963e-10 1216290.2049883371 nan 1.4   
486 4860 2.422970533724731e-06 1094.31483815457 1216290.2049883371 1.2162902049883371e+06 1216290.2049883371 1216290.2049883376 2.3283064365386963e-10 1216290.2049883371 nan 1.4   
487 4870 2.2616682884967544e-06 1066.267240703037 1216290.2049883371 1.2162902049883371e+06 1216290.2049883374 1216290.2049883374 2.3283064365386963e-10 1216290.2049883371 nan 1.4   
488 4880 2.1170063230736317e-06 1087.1780995359306 1216290.2049883371 1.2162902049883371e+06 1216290.2049883371 1216290.2049883374 2.3283064365386963e-10 1216290.2049883371 nan 1.4   
489 4890 1.9294535873116876e-06 1154.748585066954 1216290.2049883371 1.2162902049883371e+06 1216290.2049883374 1216290.2049883376 2.3283064365386963e-10 1216290.2049883371 nan 1.4   
490 4900 1.7975653969995463e-06 1177.5671455654851 1216290.2049883371 1.2162902049883371e+06 1216290.2049883371 1216290.2049883374 0.0 1216290.2049883371 nan 1.4   
491 4910 1.63619616394568e-06 1195.9515629981072 1216290.2049883371 1.2162902049883371e+06 1216290.2049883371 1216290.2049883374 2.3283064365386963e-10 1216290.2049883371 nan 1.4   
492 4920 1.369236123946352e-06 1170.232030734477 1216290.2049883371 1.2162902049883371e+06 1216290.2049883371 1216290.2049883374 2.3283064365386963e-10 1216290.2049883371 nan 1.4   
493 4930 1.4421147733675406e-06 1175.2625079267148 1216290.2049883371 1.2162902049883371e+06 1216290.2049883371 1216290.2049883371 0.0 1216290.2049883371 nan 1.4   
494 4940 1.4443889710678067e-06 1118.5692083718948 1216290.2049883371 1.2162902049883371e+06 1216290.2049883371 1216290.2049883374 0.0 1216290.2049883371 nan 1.4   
495 4950 1.411531026639083e-06 1142.2137765752989 1216290.2049883371 1.2162902049883371e+06 1216290.2049883371 1216290.2049883374 0.0 1216290.2049883371 nan 1.4   
496 4960 1.2947652526465672e-06 1135.9376729646033 1216290.2049883371 1.2162902049883371e+06 1216290.2049883371 1216290.2049883374 0.0 1216290.2049883371 nan 1.4   
497 4970 1.2415145007943036e-06 1105.4414549867486 1216290.2049883371 1.2162902049883371e+06 1216290.2049883371 1216290.2049883374 0.0 1216290.2049883371 nan 1.4   
498 4980 1.1173041466962658e-06 1105.8050388105253 1216290.2049883371 1.2162902049883371e+06 1216290.2049883371 1216290.2049883371 0.0 1216290.2049883371 nan 1.4   
499 4990 1.0772772910500596e-06 1122.4791390076311 1216290.2049883371 1.2162902049883371e+06 1216290.2049883371 1216290.2049883371 0.0 1216290.2049883371 nan 1.4   
500 5000 9.87353202139031e-07 1140.8196982129568 1216290.2049883371 1.2162902049883371e+06 1216290.2049883371 1216290.2049883371 0.0 1216290.2049883371 nan 1.4   
501 5010 9.787041898542045e-07 1153.1710125784025 1216290.2049883371 1.2162902049883371e+06 1216290.2049883371 1216290.2049883371 0.0 1216290.2049883371 nan 1.4   
502 5020 9.59034063447629e-07 1153.5186606109241 1216290.2049883371 1.2162902049883371e+06 1216290.2049883371 1216290.2049883371 0.0 1216290.2049883371 nan 1.4   
503 5030 9.366796797190102e-07 1127.7755211281076 1216290.2049883371 1.2162902049883371e+06 1216290.2049883371 1216290.2049883371 0.0 1216290.2049883371 nan 1.4   
504 5040 9.471459442002694e-07 1060.9628320346205 1216290.2049883371 1.2162902049883371e+06 1216290.2049883371 1216290.2049883371 0.0 1216290.2049883371 nan 1.4   
505 5050 9.357318748268075e-07 1112.3305008410136 1216290.2049883371 1.2162902049883371e+06 1216290.2049883371 1216290.2049883371 0.0 1216290.2049883371 nan 1.4   
506 5060 9.777190825618534e-07 1093.896662410465 1216290.2049883371 1.2162902049883371e+06 1216290.2049883371 1216290.2049883371 0.0 1216290.2049883371 nan 1.4   
507 5070 9.269582347330794e-07 1082.67921907536 1216290.2049883371 1.2162902049883371e+06 1216290.2049883371 1216290.2049883371 0.0 1216290.2049883371 nan 1.4   
508 5080 9.02998001621386e-07 1038.644244761163 1216290.2049883371 1.2162902049883371e+06 1216290.2049883371 1216290.2049883371 0.0 1216290.2049883371 nan 1.4   
509 5090 9.213770154793561e-07 1034.1489006663126 1216290.2049883371 1.2162902049883371e+06 1216290.2049883371 1216290.2049883371 0.0 1216290.2049883371 nan 1.5   
510 5100 8.389710163054947e-07 1044.6392895619429 1216290.2049883371 1.2162902049883371e+06 1216290.2049883371 1216290.2049883371 0.0 1216290.2049883371 nan 1.5   
511 5110 7.896306221825335e-07 1127.04088483057 1216290.2049883371 1.2162902049883371e+06 1216290.2049883371 1216290.2049883371 0.0 1216290.2049883371 nan 1.5   
512 5120 7.939971419344557e-07 1171.3146548968566 1216290.2049883371 1.2162902049883371e+06 1216290.2049883371 1216290.2049883371 0.0 1216290.2049883371 nan 1.5   
513 5130 8.269602125540243e-07 1086.0409440285855 1216290.2049883371 1.2162902049883371e+06 1216290.2049883371 1216290.2049883371 0.0 1216290.2049883371 nan 1.5   
