% # columns="iteration, evaluation, void, void, void, xmean", seed=483499, Wed Jan 14 12:48:27 2026, <python>{}</python> # scaling_of_variables: 1, typical_x: 0
1 10 0 0 0 1.63537818090384 1.5249856994770297 2.8385245757413915 1.835767843669473 2.0323786361355665 2.468206579661917 2.020761409699588 2.107810305566279 0.8741516494975069
2 20 0 0 0 1.11104885511825 1.7957612977709998 2.2067431766149443 2.4612706645088864 2.2487592001852383 2.32877364120414 2.2708021539054015 1.7715543059260939 0.7493251567977357
3 30 0 0 0 1.1500962518665991 1.558177916230325 2.2579079884976663 4.130321466755845 2.4486490478826104 3.0970553104632628 1.6904530852900133 0.9359612159026302 0.9048854165129107
4 40 0 0 0 1.4908552650584628 1.5117309295315329 2.128794635563987 4.711988511612124 1.51802005408995 2.46448513253182 1.6377560045410602 1.3109490997698243 0.7068091880110982
5 50 0 0 0 1.297775648520857 1.1269094649989624 1.6722675296241465 6.068379593704288 2.2446761179932864 3.1525178455511162 1.132366588554821 1.0531198634174013 1.0321997177647124
6 60 0 0 0 0.9533715106814254 2.170947835195216 1.2191140879740774 7.6894823734406925 1.962101476806798 2.536194875426581 1.865630894081791 1.1912447001807884 1.007285643954958
7 70 0 0 0 0.8800412290223206 2.4340769658873933 1.045105853542944 7.180770202207858 2.452653951634871 1.88208488941507 2.3957951231350822 1.5705941914189157 0.7195761024255959
8 80 0 0 0 -0.2597420781953228 3.0010343029397077 2.25928587565529 6.800092757560725 3.029523762527892 1.0753828470289266 2.6951489992208875 1.5402970129368594 0.9955975231046721
9 90 0 0 0 -0.6050642530548942 2.7835886148860625 3.926814166398742 7.115281945165224 4.08642220026929 1.155569519136612 2.533992323446451 0.9641211080626274 1.1627956600362415
10 100 0 0 0 -0.28172768665796477 2.3336532491471877 4.725453508799145 7.28936718268667 4.644745011370544 0.7615942460246576 2.372602692165148 1.719429871320084 0.915430505841321
11 110 0 0 0 -0.47348224776068043 2.5398036639511092 5.250742562268973 7.112579893123719 6.031107861274873 0.4155437397011865 1.4012891140659478 1.2754551420484845 0.9717869157089919
12 120 0 0 0 -0.4753245179035759 1.911695736869753 3.464492570156017 8.266219784744179 6.658610007916931 1.1298150399436668 0.1375442107008435 0.9872360156222793 0.6129078969051448
13 130 0 0 0 1.1591676094548147 2.2551721830888045 4.383033310761028 7.093150302083858 7.062761204153087 1.6846919901141901 0.8349951686058253 0.29127464030893774 0.9504744103791395
14 140 0 0 0 1.2652578281106999 2.6974581017907435 4.688921173737477 7.384378074624496 6.889790401573124 1.13340592632863 0.8466662382457503 0.8421562812865058 0.8573652237509625
15 150 0 0 0 1.6416108970701646 1.7602331574482988 5.248564950972532 7.150325720105908 5.741620190698818 2.0910820541178285 1.081151859885623 1.3185940935269045 0.9023125836536143
16 160 0 0 0 1.20571041744482 1.5915689555221935 3.9456699333223386 6.636909534084146 4.572750996189407 2.246342378604182 1.3710229755855656 1.3562972647193245 1.0212120066519936
17 170 0 0 0 0.7551122794501683 0.7661209149116421 3.7431170204026794 7.816022514292971 5.358446923832554 2.3590259405510072 1.880646736231598 1.1561807451397015 0.9413319407267167
18 180 0 0 0 0.467443567728467 -0.3971628001812782 5.1861585043799865 6.8131011319537755 6.125125827589069 2.5022990994602403 0.9660033570149538 0.5116038202758124 0.978591110815126
19 190 0 0 0 0.5759133338126315 -1.339526208568268 4.8027411380949605 7.170761265085069 7.273038815245577 2.2010462082894056 0.1106606866799476 0.9797875727472993 0.9090666627178378
20 200 0 0 0 0.9601098043496906 -2.0743631587163667 4.674818351426655 6.155323744138064 6.923587955922286 1.9857874801924436 0.07882092973178574 1.1281451001048772 1.044120287454026
21 210 0 0 0 0.5896195844098112 -2.233121066713762 4.241658468149014 6.41849470307545 6.974375841287281 0.803522078228932 -0.445438479353043 1.2172501604027486 1.0540460077446814
22 220 0 0 0 0.8935541239953957 -1.5495344456196996 3.022190145191102 7.296746231157031 6.651113574283028 1.1313806589432134 0.9085840689128897 1.3667539639636477 0.9563266855615544
23 230 0 0 0 1.5143753388820584 -1.4782751089155473 3.012734233245814 8.543705123661265 6.621551115538558 2.2054346382933407 0.340942652049282 1.5753493879193388 1.0713169922295154
24 240 0 0 0 1.672040069126066 -1.217744699693057 3.5563179645237843 7.905858206274056 5.932328903356719 2.6951917212025536 1.225143878297912 1.1782864578898298 0.942297026463162
25 250 0 0 0 2.3774328473284263 -0.915106015333758 4.30925393980965 8.854257233183382 6.584685026529113 2.429134454389417 1.648599739493676 0.9818991755058842 0.9238833074562265
26 260 0 0 0 2.070509571371047 -1.1003972282339778 4.440287995573604 8.620187037469615 5.850084755918553 2.23452224725654 1.6293396325276857 1.0111677547588365 0.9887983764150013
27 270 0 0 0 2.5104637451158167 -1.2882098224350236 4.694558910895296 9.271231445174404 6.366733679890447 2.678874343788601 0.9806108402243295 0.9031387131653017 0.9495053189442024
28 280 0 0 0 3.032610958258703 -0.20116715201190563 5.441622441123553 8.94694576883694 5.493857713173001 2.4894591228644227 0.7659658186232615 1.069161760189442 0.9000657141850078
29 290 0 0 0 2.455141834210777 -0.7510975279377817 5.7492303127305915 9.520209371778844 6.113827242048254 1.6536186039399665 0.37999101085678555 1.0122275039884896 0.9207405693210869
30 300 0 0 0 2.811029993095839 -0.754960152666553 5.676733458393109 8.422179447956903 5.791271244336201 1.6704202905989471 1.0138879351667676 0.9068339217448241 0.8822117884438762
31 310 0 0 0 2.556945610314388 -1.208764285208999 6.07216473818619 9.186093059699235 6.8013803604530185 1.246987661672664 0.5307795144796198 0.8413921895752954 0.955681405114318
32 320 0 0 0 2.1673244199684776 -1.3006731625431651 6.513425758787292 8.15803545224489 6.455164732032283 1.3478984445945983 0.254678427150843 0.9620218962217062 0.9614613886879374
33 330 0 0 0 1.620437386829867 -0.8785270919380844 5.9809088382963544 8.208550557946657 6.5104354001752975 1.0574212256528617 0.590313407225234 0.8953603531210403 0.9297452842298914
34 340 0 0 0 2.088904122439113 -0.5175498922570747 6.503168541486519 9.177465472993024 6.050428093477257 1.4775052271461149 0.5556524567578723 0.9415151013869411 0.9279492613974856
35 350 0 0 0 2.67429262684535 -0.05155752768423727 6.671943140642864 8.420611129122525 5.039463579174047 1.6481085276087686 0.6511857356858377 1.0700750753102724 0.9700862508505561
36 360 0 0 0 2.852535474007869 0.287612285886818 6.380245456472584 7.975701680906108 4.579561024400265 1.7978611661068278 0.6819003686754475 1.0418696885889 0.9802259395773536
37 370 0 0 0 3.1438347078281335 0.8274993440222077 6.504913674737674 8.765141626399494 4.437932984754768 2.175527105527752 0.8412899049459608 0.9170389821869094 0.9420706649095784
38 380 0 0 0 3.268225559421882 0.7173470900793769 6.782033813602108 7.019428676382508 4.605077055605282 1.6995133006591683 0.8386299726691748 1.0130006115616708 0.905199851267728
39 390 0 0 0 3.080678784582539 0.4600857453363967 6.456742590387211 7.2909129765399 4.778965744346852 1.078048108418217 1.0190845073928465 1.1158991376261334 0.9383094605472788
40 400 0 0 0 2.703046496869987 0.37778271830187704 6.404844587139463 7.539332048043198 4.728415668930972 1.2502485760190951 0.8445489925815748 0.8793084514800545 0.9009334981192927
41 410 0 0 0 2.6614766462457804 0.3234979657367798 6.699972745717206 7.027691890409986 4.632682239220985 1.2398918446842175 0.7413706109923818 0.8745036005350381 0.9448091792834862
42 420 0 0 0 2.859688272039207 0.2717999717190769 6.784155204537646 7.212637381493948 4.778738382701844 1.2131817415167512 0.9009264290787116 0.8743282623980366 0.9211325684411749
43 430 0 0 0 2.8443635747489355 0.2211169799934037 6.734709349884729 6.69412568845682 4.53828873164977 1.0878816503847495 0.9827993605635945 0.9835595043473955 0.9413742128139966
44 440 0 0 0 2.9991441699309953 0.46924385381170497 6.673868295807937 7.139419881461274 4.545611861384082 1.0811822250308278 0.950884101526365 0.9128061946933839 0.9518174390862577
45 450 0 0 0 2.9750583910128654 0.29387856286895064 6.4492378103759895 7.021976020347877 4.622518997994244 1.0147873518764818 1.0549304290259995 0.8726280726268482 0.9820113206493966
46 460 0 0 0 3.2587319906204777 0.04181721164143262 6.360001352610388 7.082552707326361 4.716063781227992 1.2629390120999409 1.05176880330911 0.9463056986793761 0.9516126902491044
47 470 0 0 0 3.2150027595324744 0.08157289462700223 6.429616879138618 6.648955132861764 4.448190847435011 1.078094604831854 1.1314090708703437 0.9914202102255604 0.9662802300721737
48 480 0 0 0 3.237872148952093 0.3463923422270231 6.693925900063251 6.782397723532567 4.440860727726703 1.2268893737363042 0.9106207056189933 0.935532222789879 0.9703666179480748
49 490 0 0 0 3.3337970997834194 0.2713502787734978 6.633556836915637 6.982566837145271 4.3629591692860465 1.1911244180258083 0.8631375008942249 0.9468470013225737 0.9609811025866435
50 500 0 0 0 3.2447528442510283 0.3261698501810514 6.510104654457348 6.818357745797091 4.348205347894544 1.0688308919917822 0.9292157180940812 0.9367473429336555 0.9628860982031748
51 510 0 0 0 3.293478762281797 0.31365357558928025 6.6622751050312345 6.888711452357346 4.307288773688146 1.043164094244931 0.9442576135713409 0.9445731575879388 0.9641020216255696
52 520 0 0 0 3.2880726953266097 0.3235292139112168 6.475564254135205 6.66249951475374 4.1602112954674055 1.0328184064818244 0.9935609411106989 0.9609509181410193 0.9586582216617416
53 530 0 0 0 3.246545891232554 0.42124633149103824 6.488643265317299 6.783780637609894 4.020037162606246 1.034054660538314 1.0017937507273367 0.959216301835919 0.9438006300602703
54 540 0 0 0 3.3114059918846146 0.3684309042016715 6.48284363595033 6.648725996411388 3.8396944660316072 1.0188334700986732 1.0201436868540046 0.9705590446272451 0.9483266824030576
55 550 0 0 0 3.3261919395093575 0.3270778692225672 6.460044732335439 6.737579636308661 3.8416673868684934 0.9856681137142524 0.9580142347674686 0.9515014504649751 0.9441910594470425
56 560 0 0 0 3.311407303354397 0.35455958975678814 6.391855883985599 6.834975739537656 3.732720349089667 1.0055066597770141 0.9334369852364771 0.9494560651672075 0.944801794041209
57 570 0 0 0 3.377239170168162 0.3446498190940737 6.388086466640354 6.839694571679103 3.7383917344458197 0.9472629626809187 0.9700728997329721 0.9465401419388344 0.9572943752427342
58 580 0 0 0 3.4608160920865583 0.3771099216637034 6.399732565240794 6.8227187444929385 3.7083373037667537 1.0357596108043978 0.9277244557177403 0.9567404848034079 0.9606075121051292
59 590 0 0 0 3.5041319163033515 0.47191183335504405 6.502721605388109 6.8234714266748995 3.630738096293337 0.9888877670071474 0.9333299213854713 0.9508711466702044 0.9480616087424026
60 600 0 0 0 3.4443473523015764 0.47555457282475 6.34650472833047 6.705900267543782 3.5639632358246485 0.9628129450702411 0.9405479260340864 0.9380505464029095 0.9523382240503339
61 610 0 0 0 3.370720282911927 0.4933093570332104 6.342676242132245 6.604318879945416 3.677105734179558 1.000128594870096 0.9611274682179725 0.9446941436060023 0.9506435849223255
62 620 0 0 0 3.453339821917563 0.45810705039936994 6.4006349845125134 6.409210375785104 3.5930905283858534 1.0025356733604949 0.9574014275649027 0.9539151211581254 0.9479708355448491
63 630 0 0 0 3.494631143563438 0.6318678582164645 6.333271305355182 6.315905747387136 3.482850306246915 0.973711686141748 0.9510695532353765 0.945938716837046 0.9489635967601103
64 640 0 0 0 3.505341036101874 0.6687130949640281 6.3541802822587465 6.263730123039849 3.414546225426815 0.9441316274392484 0.9694339337722175 0.9315087877420171 0.9484377658517784
65 650 0 0 0 3.610666449268852 0.8071066280543812 6.366150471243294 6.0359560014164035 3.2754373645673316 0.9027722307181579 0.9637543284291042 0.9340972055162967 0.9455557260980562
66 660 0 0 0 3.695625271266729 0.8479501125575218 6.337481427138597 5.868213258870056 3.2011332414820615 0.9156240517294879 0.9659050392844013 0.941702745985684 0.9503061305217834
67 670 0 0 0 3.7769985491379527 0.9531067866786361 6.3729803184703355 5.613140203552704 2.987440883770482 0.9223419728688378 0.9648967473935802 0.9637364794590277 0.9495561922737398
68 680 0 0 0 3.9134905303762375 1.1571931312274861 6.371919507190291 4.960391345944309 2.70215114295775 0.8079201250466532 0.9680647890565344 0.9808874914851351 0.9522678152852092
69 690 0 0 0 3.914328590947429 1.266948807469138 6.309456444615542 4.821910706819286 2.5757282671582464 0.7975678528012257 0.9466920354321533 0.9736549134629537 0.9449948994809367
70 700 0 0 0 4.0180106459081 1.2867853357814885 6.251667274554643 5.161196304064727 2.4100507806919853 0.9030991263092216 0.9484627238252161 0.9695819900000715 0.9384718059084554
71 710 0 0 0 3.9295808409436233 1.4027686889417874 6.103570467237906 4.997108038689432 2.3293769180804866 0.8568239156598505 0.9554926570421374 0.974586282851495 0.9425380514836746
72 720 0 0 0 3.9945725933412035 1.4038676495496014 5.988486972428771 5.138228417205371 2.291290723065598 0.9072714670121995 0.9712116413881344 0.9625139856701643 0.9512932096383576
73 730 0 0 0 4.336939789508732 1.664244577279912 5.932266056357874 5.114544070671305 1.843951056976591 0.9694433522193199 0.9484550297797901 0.9730792931741542 0.9464574802739532
74 740 0 0 0 4.470070047066826 1.8815261642687608 6.002815031572014 5.258931166651327 1.493162580280721 0.9195397475097189 0.9433543097813734 0.9792078231390536 0.9423749495029586
75 750 0 0 0 4.537467501529295 2.163827445234789 5.8221586345418785 4.769344193379659 1.071023542162024 0.8986186216563015 0.9348462528415149 0.9423716653445338 0.9410971570443503
76 760 0 0 0 4.741165703358555 2.082674503366242 5.703168194816616 4.68185937311217 1.1207418958075717 0.9155218166883363 0.9791341465324329 0.9355732754954287 0.9527043104841518
77 770 0 0 0 4.322316001122112 1.9711009486017401 5.911468276490972 4.797394518911141 1.379288106142824 0.9266824203058228 0.9387387637965572 0.9495847476489616 0.9596696137650524
78 780 0 0 0 4.132111507688572 1.6695718973132059 5.820494464537152 4.532833358953058 1.7672288978620112 1.0187096325004235 0.9357981150895593 0.9366146065621853 0.9557221925517666
79 790 0 0 0 4.111109874458838 1.7204750613954072 5.806514239018282 4.323375542036895 1.780571580791464 0.9817268934833812 0.9089807303119399 0.9577143853442903 0.9478722638951036
80 800 0 0 0 4.157469952492367 2.031628621885 5.7066785534482465 3.9176729009209104 1.6310612982305701 0.9019825108352556 0.9807433592246377 0.9484090770966135 0.9490454581505842
81 810 0 0 0 4.159383358220314 2.0858066423480737 5.746009735063092 3.8699222982052133 1.5688974340710282 0.9106056120068176 0.9514270348978947 0.9579720798629786 0.9499807917363444
82 820 0 0 0 4.134264060144395 2.295926419089236 5.606965988191466 3.714003161824008 1.393982187097749 0.9513013448762502 0.9877959664678843 0.9660921334028871 0.9470265030495612
83 830 0 0 0 4.262112969422694 2.6271037297968585 5.488648435265124 3.0092553545048863 0.9222208061170546 0.9557930740893281 0.9224358249040877 0.965303627354469 0.9498851279545812
84 840 0 0 0 4.389359062022503 2.7609101072000395 5.369488096897952 2.379545896862158 0.49853531575437665 0.931465289200386 0.9500376637209206 0.9526919162229639 0.9455538369168649
85 850 0 0 0 4.318317841890541 2.7022048716537057 5.292569490281755 2.1728900925328962 0.3342963459434857 0.8869424896423888 0.9459121046945504 0.9568411741010406 0.9468913561705904
86 860 0 0 0 4.105260848531614 2.38518537064148 5.419050436608778 2.6337072274369997 0.7426384943286617 0.9288298708149715 0.9837843529996313 0.9455533236463347 0.9422168058388749
87 870 0 0 0 4.288848024848022 2.3051371676261287 5.353752322999244 2.876831285770404 0.7541906802208072 0.8441867488644041 0.9823761454140663 0.9477167695892118 0.9532734467652225
88 880 0 0 0 4.138525140179411 2.295134480514527 5.241869635673521 2.8390759297214374 0.968666006534368 0.848974107488907 0.9954568927991627 0.9573144512449422 0.9526467211336205
89 890 0 0 0 4.086450615865233 2.358675741944776 5.279712864719606 2.6363411071564675 0.8203748223783196 0.8642279736937991 0.9701221690277881 0.9536549278439658 0.952207414673155
90 900 0 0 0 4.149583508830678 2.47908869683342 5.241628340214006 2.343518931241974 0.6653156830443814 0.9150582433119929 0.9765703870424047 0.9611369301097745 0.944211582020716
91 910 0 0 0 4.219199583079444 2.3021634456165474 5.204871345098277 2.463343238482059 0.8277605793658517 0.9178305179038115 0.9736945765750525 0.96541357432961 0.950920150629973
92 920 0 0 0 4.1393613651430226 2.314467649936775 5.211224192465426 2.3286300267074673 0.6946701106050521 0.8778462548781362 0.9658694948140281 0.9566575001474338 0.9518906197048793
93 930 0 0 0 4.110672150997616 2.313409377727981 5.224924071783048 2.283303096261047 0.9160658167977973 0.9433836948188603 0.9659720088146019 0.9531842326676011 0.9499080350515862
94 940 0 0 0 4.046988542093746 2.118790612177022 5.243610180924 2.294790543842574 0.9845250870845078 0.9515382892584059 0.9682150758299203 0.9490289515040669 0.948512925367892
95 950 0 0 0 4.05568855684312 2.2084908202069085 5.0883420379548445 2.055655745929655 0.8710450697410542 0.9793430144219313 0.9522671497004904 0.9524638887645519 0.9494475869115315
96 960 0 0 0 4.062436508826051 2.206037282631403 5.139037592814212 1.9449032727786346 0.7893302388682877 0.9656219234533687 0.9470005370385518 0.9525785011307021 0.9490355167780982
97 970 0 0 0 4.052461682520671 2.282842735323244 5.197329537753659 1.885467799881615 0.909523326717252 0.9547301770843494 0.9364599665909071 0.9526719230068237 0.9485379604778589
98 980 0 0 0 3.9548967723369715 2.2412445433158026 5.113261515273303 1.7152868761755387 0.8984542452717211 0.9935178214731641 0.9289010016401364 0.948894234374823 0.9492917650733836
99 990 0 0 0 3.934340114042268 2.2136378372743155 5.0428881330794955 1.727695636302749 0.8683498390220076 0.9691732325627301 0.9406720277708926 0.9454830684786809 0.9505414869491785
100 1000 0 0 0 3.946366247743033 2.138422332604782 5.075133455827245 1.700361338027785 0.8597307490616019 0.9550737511355563 0.950661650196198 0.9486853277404249 0.9500174406750945
101 1010 0 0 0 3.94447322901086 2.1438316100537578 5.004137356572668 1.6156658682629748 0.7986631012438494 0.9777374504613875 0.9527519175321949 0.954421167516555 0.9510451394304754
102 1020 0 0 0 3.831530443190553 2.016055607411163 4.952186715916704 1.6692480116457018 0.8453671567119299 0.9520860476143075 0.9631599892720791 0.9495947720140349 0.9516330070933879
103 1030 0 0 0 3.878642792365188 1.9786366582528367 4.998345387819993 1.7049483004447552 0.8624673272648998 0.9400265168210381 0.9721274573759472 0.946468545384249 0.9479957648135192
104 1040 0 0 0 3.814306763662386 1.9377467822599157 5.011498860865248 1.587122207258288 0.9198185314012732 0.9198539797804245 0.9658183261170852 0.9415649390963179 0.9474444147767732
105 1050 0 0 0 3.8235287454777422 1.990825309614081 5.018709271224629 1.5361649434548028 0.892911377041965 0.9378745499299321 0.9621717729235308 0.948168952567515 0.9519125596328946
106 1060 0 0 0 3.7401247071989645 1.885398279952646 5.047021881878752 1.3987114946736576 0.8989058918984129 0.9197393681983346 0.9508567183311649 0.9473563570279034 0.9514275520928561
107 1070 0 0 0 3.717178628459229 1.8361965894406926 5.036209143325156 1.390322237088808 0.9549951945994849 0.9403948687985115 0.947087274617893 0.945580311492487 0.9529466185422073
108 1080 0 0 0 3.657105280401351 1.7737728781570345 5.000343109629999 1.3453176053292022 0.962199357541263 0.9309537521942659 0.9453197313902039 0.946829350087506 0.9518605971718924
109 1090 0 0 0 3.610757211392168 1.7200107703610517 5.0320004916931005 1.3640176668580195 0.948003681985447 0.9526664613464735 0.9384699176202822 0.9503627833710375 0.9512971325729007
110 1100 0 0 0 3.5145209394383876 1.6013279311758524 4.968271747347565 1.3706128247356633 0.924142691168652 0.9566976404179149 0.9479180765794231 0.9523251327017377 0.9520742423572417
111 1110 0 0 0 3.4666640955024337 1.5074764009327823 4.935616723736829 1.294839435873468 0.9350491232207431 0.9378278463995676 0.9575634914715845 0.9499298450424923 0.9525261186070709
112 1120 0 0 0 3.5456622770607806 1.5990350156434703 4.916574104583228 1.3002763791480543 0.9006903691656508 0.9548361464423843 0.9572618298693768 0.9521783618922878 0.951112466206562
113 1130 0 0 0 3.5573964042362385 1.6387970455722538 4.949377128836997 1.1674184996240216 0.9452566588833393 0.9413106092066279 0.9471842115861349 0.9495671048329549 0.9501051585258504
114 1140 0 0 0 3.5492525635149414 1.6282814100595355 4.962535369373041 1.2311808360408554 0.9654853766158141 0.9432779886741156 0.9552226748520373 0.9487370903303874 0.9512188171051352
115 1150 0 0 0 3.474697909434827 1.5662675669199995 4.949317991223284 1.193818369287311 1.007561221921843 0.9359485928207709 0.9545105871762235 0.9483950928106135 0.9507239259605869
116 1160 0 0 0 3.518422340367564 1.6153343193561571 4.905509878056893 1.0950581666344366 0.9668990111578855 0.9455885369687862 0.9415732063515886 0.9500386277285966 0.9512492347772425
117 1170 0 0 0 3.4579883665847664 1.5872363444442457 4.855071782486282 0.9932401997265615 0.9235226197885407 0.9406942368248653 0.9456617326760878 0.9495411212825821 0.9511305111397386
118 1180 0 0 0 3.4294196062657774 1.5530984037428701 4.817624690283728 1.0898228782103312 0.9236243737601461 0.9579962398270926 0.9496247067213305 0.9500472795082974 0.9514847685953566
119 1190 0 0 0 3.391214071790422 1.5061062013855508 4.822847837561385 0.9442485417038713 0.919193090902014 0.9618691241291313 0.950235188456836 0.9517321716587082 0.9499057126233538
120 1200 0 0 0 3.4013208081662185 1.5140722023478428 4.829893119030266 1.011551557293123 0.9798404013279673 0.9630000815065324 0.9512696253336945 0.9485652886200635 0.9501866810047894
121 1210 0 0 0 3.375760908651704 1.479180695507765 4.827388874767145 0.9660256204870603 0.9715785849949482 0.9598123622391354 0.9526950564813335 0.9489570511782792 0.9503386344202457
122 1220 0 0 0 3.4022131670302733 1.4855098507033428 4.823081810460259 1.0193810988186587 0.9583954453837127 0.956482098300141 0.955439816665385 0.949781445366135 0.9503759390481736
123 1230 0 0 0 3.3493253530182145 1.42124401742272 4.764788558182868 0.9163193910675338 0.9532913904849298 0.9613741273321588 0.9517285660418063 0.9502397079341989 0.9499068989755319
124 1240 0 0 0 3.3633828732774607 1.438819814364173 4.76859391662612 0.898465300933426 0.9501543621692026 0.9541057586103598 0.9534462602547249 0.9502663777404401 0.9502526323337468
125 1250 0 0 0 3.3523210163837605 1.3944610221048266 4.779169395229594 0.9141193677575733 0.9483231887869961 0.9484918038444325 0.953350044043432 0.9518460321296154 0.9502325973384996
126 1260 0 0 0 3.3847153643484162 1.4099159257239346 4.80122013275706 1.0079840793704027 0.9392291729698921 0.9593222724434174 0.9528837156010049 0.9502749316110126 0.9508413394411382
127 1270 0 0 0 3.3771472948350376 1.4021051772866546 4.785232509051117 0.9654425812891431 0.9359337159771808 0.953742875323231 0.9520680048595711 0.9515215175463746 0.9508654482816835
128 1280 0 0 0 3.372144173511919 1.4230086239881006 4.771266157356136 0.9559749983667076 0.9505821023257051 0.9527992842025031 0.9476221613052249 0.9513294560785657 0.9501701291035225
129 1290 0 0 0 3.355460816620364 1.4070421040533303 4.743373059489687 0.9110667611923018 0.9294939135204834 0.9515217769192078 0.9483018499595064 0.9508270736251033 0.9501729031588092
130 1300 0 0 0 3.356809467329283 1.4083606903479813 4.734866881170995 0.9602090202262495 0.9420628713284446 0.9519873703489263 0.9465972806523286 0.9496826171239315 0.9498264559448268
131 1310 0 0 0 3.320072847364299 1.3728552049330625 4.7095697787964745 0.913479888778214 0.9399098131964725 0.9464623429414033 0.9477389502346476 0.9492510398621451 0.9492795972317655
132 1320 0 0 0 3.317915548982961 1.3648707918862217 4.705783135869885 0.9641837539788894 0.9580857115499668 0.9438719736927431 0.9479881685112235 0.9518539471090133 0.9497600568497874
133 1330 0 0 0 3.2979589275777133 1.3307103903252746 4.670873732863597 0.9534256859964738 0.9425683942899629 0.9497134971531694 0.9475193085754055 0.9507571822557797 0.9496519263020766
134 1340 0 0 0 3.2755552867043702 1.3231480699260667 4.641509150809115 0.9122600750201155 0.9365749857833074 0.952100759438746 0.947710772583214 0.948958705978062 0.9492108729263187
135 1350 0 0 0 3.3058498204023525 1.3681433224423034 4.64281158747447 0.9049865860842333 0.9367889191976033 0.9501011174983598 0.950933835247554 0.9493113184499525 0.949887878366026
136 1360 0 0 0 3.2825396873320933 1.3150174742774559 4.646240728505336 0.956280508873857 0.9456069751797558 0.948734298425962 0.9473292723675772 0.9500587578391251 0.9497770292039672
137 1370 0 0 0 3.253010242039081 1.2846170804384336 4.598149663954747 0.9230934571525558 0.9586834933776864 0.943305539765919 0.9508170212621908 0.9500998241177004 0.9500287637068542
138 1380 0 0 0 3.232180875981216 1.2434994817458496 4.5879286658282386 0.9419586094541291 0.9637609017684933 0.9413408731087493 0.9479595734892632 0.9507740269196474 0.9503474311405167
139 1390 0 0 0 3.201280024358091 1.2054171246398568 4.5476114039290305 0.9536292082049629 0.9712389096368574 0.9531698633589298 0.9515648586015174 0.9493339741194616 0.9502195716214183
140 1400 0 0 0 3.204963214331709 1.1933818779164658 4.510054028973517 0.907649660051147 0.9794800731674247 0.9550536574590747 0.9496482483536275 0.9501981084182191 0.9503560934964804
141 1410 0 0 0 3.1629126065853024 1.1747446044872791 4.483310476407121 0.8924563118213927 0.9650670519344777 0.9541696897135296 0.9506658676821244 0.9484415613534575 0.9500576775002092
142 1420 0 0 0 3.13709871944452 1.1314385972376315 4.478167027046903 0.8656013060121096 0.9627431254343027 0.9560413413019252 0.9518391333325332 0.9491595066349429 0.9499600209028518
143 1430 0 0 0 3.108512785170837 1.0781004999097723 4.446417545945334 0.8798913298086009 0.9439398752645095 0.9536511387255668 0.952249582330641 0.9500013474317817 0.9494959305320286
144 1440 0 0 0 3.0834605558140087 1.048514101500521 4.451588023363899 0.9298918560208607 0.9549832272864023 0.9597907900374693 0.9525424702480605 0.9494789471182238 0.9497679274085914
145 1450 0 0 0 3.0845473001481385 1.0240054219925374 4.416155927788619 0.9076141558630035 0.9378496502864183 0.9528016909321819 0.9521024447411821 0.9491527702752962 0.9493713331595213
146 1460 0 0 0 2.977476249433686 0.8911988192916735 4.307461197701514 0.937182869219337 0.9286392455657992 0.9496035367037639 0.9508540910032717 0.9497100279936657 0.9491320464632589
147 1470 0 0 0 2.9768388180598384 0.8320971258872132 4.3128425789350935 0.9701519076328097 0.9331621136586022 0.9488695470929123 0.9516213458948904 0.9497059617689223 0.9490769502133727
148 1480 0 0 0 2.9468946310624524 0.7991695213978592 4.26725236193209 0.9416892165265296 0.9471386213125359 0.9450825952489397 0.9525715123555855 0.9504742783965179 0.9493887124244936
149 1490 0 0 0 2.949103931191677 0.8711434686305256 4.251316608885053 0.9321692854426364 0.9503508071253559 0.9493612147018644 0.9505203222379063 0.9497879453155044 0.9489959586251966
150 1500 0 0 0 2.839563237324909 0.7488004193233104 4.1040800929493075 0.9337507036004338 0.9520401526847241 0.9502435512327728 0.9484170445452017 0.9497627425324718 0.9491101833439304
151 1510 0 0 0 2.805208211763916 0.716711871543041 4.049213438315224 0.919593693691252 0.9619749335621509 0.9479877362608495 0.9499022126049717 0.9482535776837596 0.9493281451979066
152 1520 0 0 0 2.8513943904937693 0.7486815434067146 4.033394337407839 0.914105350347985 0.9333248186064536 0.9605622208907444 0.9475355973467702 0.9503872899947375 0.9498110243474118
153 1530 0 0 0 2.880942514600193 0.8466500804263654 4.049160744885284 0.8512445061716215 0.9387627271676967 0.9483748085511787 0.9471373958148528 0.9499447818836633 0.9498760130631351
154 1540 0 0 0 2.9194796105404457 0.8589343575482257 4.018714473561832 0.924004203651582 0.9626734292381387 0.9542691448270628 0.9467893378639745 0.9484181413010672 0.950677754485728
155 1550 0 0 0 2.779447019379567 0.68243575800321 3.8718218480500415 0.9279531176819155 0.952048060132769 0.9579969714897252 0.945687843358371 0.9485526989694041 0.9498742636294377
156 1560 0 0 0 2.666499926630634 0.5490001346788552 3.7238438504193874 0.8317749434713394 0.9520884421909436 0.9504415943553682 0.9448258283036132 0.9498817675223884 0.9495899598126832
157 1570 0 0 0 2.584906525857066 0.43023719450155967 3.7112043576801987 0.9026490157798917 0.9457769969568535 0.94819343910001 0.945251275327365 0.9503427533803924 0.949734907165951
158 1580 0 0 0 2.566811750907873 0.4539324906492413 3.641496198847303 0.962169212861301 0.9457337031029464 0.9513777277252407 0.9469492135189718 0.9505033563202365 0.9497191936970144
159 1590 0 0 0 2.5539747969426405 0.4600091384103288 3.605816387650449 0.9551458341706419 0.9212337712618243 0.9409980723615443 0.9449114467881621 0.9513544404279309 0.9496002491669356
160 1600 0 0 0 2.53560396348774 0.45285126448517266 3.5688402415674667 0.9413782533374526 0.9111064931895702 0.964532528713863 0.9449168329211841 0.9521142756447436 0.9498257272446665
161 1610 0 0 0 2.4533063092968637 0.35081489809473626 3.5423355170089295 0.9650108517423464 0.9520710506632206 0.9540305604357833 0.9494182246177211 0.9517767590685761 0.9493851374338598
162 1620 0 0 0 2.297240693869766 0.16223479743836774 3.3660198543719915 0.9655141394270039 0.9566150260958053 0.9533139730737353 0.9503606697046495 0.9511587308168565 0.9493960174861175
163 1630 0 0 0 2.2604326310915828 0.12929295746910827 3.2549677520659372 0.8885767591585692 0.9624878872641294 0.9527861737860984 0.9499334036002974 0.9505686981724188 0.9496272706060966
164 1640 0 0 0 2.2678049675211653 0.1492124087719674 3.2473916627077037 0.8787786107115831 0.9561863996330109 0.9429313879174127 0.9502856151950553 0.9516749593306748 0.9501370742603437
165 1650 0 0 0 2.2019181994622015 0.05341481975788636 3.145845273983888 0.9058346655132764 0.969997799442919 0.9510702420390308 0.9463871692766598 0.9505048465624372 0.9505874356916022
166 1660 0 0 0 2.0692670768476975 -0.10879352663288483 2.974582999640032 0.9074467233559764 0.9441610549156477 0.9500180788190011 0.9496637088370408 0.9503670030980514 0.9501701165342658
167 1670 0 0 0 1.9630617173299119 -0.21082966767684264 2.8661280421541746 0.9077828405479951 0.96703627657397 0.9448174847921403 0.9508347831243034 0.9511324173834437 0.9496379609460363
168 1680 0 0 0 1.8039344540201596 -0.31916813149148593 2.6238356991640455 0.9255379443147144 0.9643449615962248 0.9473801689852251 0.9475951293645853 0.9511376379254405 0.9496880690280156
169 1690 0 0 0 1.7055451234818937 -0.4116340777635336 2.411388149745415 0.8414524038635077 0.9428987550541309 0.9482051037721066 0.9465527160417676 0.9482873677642689 0.9502281047525721
170 1700 0 0 0 1.4662536480131922 -0.6906685773760295 2.107670647657002 0.8535566454160347 0.942805790957937 0.9510331806374652 0.9496530350333849 0.9505015322669736 0.949256935672265
171 1710 0 0 0 1.1249646188468054 -1.0952109601274647 1.5636016840752287 0.7961370862628474 0.9225368928867128 0.9498540388933187 0.944814639903612 0.949769950322223 0.9500157477493284
172 1720 0 0 0 0.9116075482892029 -1.361697146589667 1.3611240021763606 0.9018005205352609 0.913169923479541 0.954446274262743 0.9459929483035018 0.9497880476634878 0.9495637540393183
173 1730 0 0 0 0.9569076541379388 -1.3596420544469061 1.4846023111459254 0.9133425678717118 0.958263138263856 0.9534335942157576 0.9492767245263695 0.948636815908222 0.9497559774760497
174 1740 0 0 0 0.9863070162760733 -1.2751998021451267 1.496448037036676 0.941306023929868 0.9837068767651922 0.9442683906764575 0.9513872626547196 0.949678887672065 0.9500943866282021
175 1750 0 0 0 0.8419774405591949 -1.3665204899805359 1.325612509155288 0.9586312120450021 0.9814254703960245 0.939141885952133 0.9457816877420585 0.9482297508553683 0.9508620456200584
176 1760 0 0 0 0.6878095983253812 -1.6015102032070805 1.1025043214325354 0.9499710744376051 0.9441702085285291 0.9325512605833548 0.9474813645063237 0.9484729912264257 0.9495951486658694
177 1770 0 0 0 0.6006570489594512 -1.7061122948444405 0.9855784772714641 0.9047073280884601 0.9162398471471417 0.9313550659204933 0.9467453808899642 0.9499211288432493 0.9491629265125227
178 1780 0 0 0 0.9069222440037605 -1.3773152108700089 1.3056338050850114 0.9614476233135689 0.934594222432571 0.9404156157435336 0.9490916384654888 0.9497143018373891 0.950297935221851
179 1790 0 0 0 1.05747977029619 -1.1920529492206298 1.423103813218152 0.9412836689687551 0.94119424503008 0.9448691982517463 0.9488331261738671 0.9483040134923836 0.9500405956507573
180 1800 0 0 0 1.0864395801224143 -1.187949230283216 1.347033130869242 0.9481805231463318 0.9467220702328399 0.9500950113123583 0.9503235924712194 0.9482986520091519 0.9499713748410137
181 1810 0 0 0 0.9551654717683493 -1.2626507982311286 1.1888794459531689 0.9307536187322779 0.9300743230889303 0.9554499180556122 0.9522720695199994 0.9502604360202281 0.9505121701923533
182 1820 0 0 0 1.0716395657355766 -1.1511504427153922 1.242988465131016 0.942568435707797 0.9273232518409337 0.9535282562821594 0.9545305196909007 0.9496260797964534 0.9503555471053075
183 1830 0 0 0 1.0131117456535599 -1.17740052410417 1.1571645542150286 0.9447748506510936 0.9278505363464163 0.9492982791621893 0.9521599097756691 0.9490146511235364 0.9499018594569092
184 1840 0 0 0 0.9430989432639837 -1.322241294638637 1.104068754572604 0.9536711497692383 0.9291138478327547 0.9543228721771415 0.9527197352994596 0.9478484979933252 0.9494965246142694
185 1850 0 0 0 0.9468336878650347 -1.3574789109870598 1.0322259662630167 0.9300811787579495 0.9302149400759298 0.9533934636628891 0.9521430601450841 0.9485975350922629 0.9491424361798992
186 1860 0 0 0 0.9349001097577354 -1.3645113080807103 1.008074313646931 0.9316032502947267 0.9181811826810455 0.9474402865750254 0.9485141538289488 0.9491796043631389 0.9495188137250379
187 1870 0 0 0 0.9339873239827535 -1.3768236033075938 1.0511595401720673 0.9502470426676998 0.937788235510687 0.9492023061168551 0.9508583936498403 0.9490806450837844 0.9499110851924122
188 1880 0 0 0 0.9587753880688417 -1.3331063586578342 1.0130237388787016 0.9546474604738542 0.9444070336410848 0.9490595654566267 0.9505365569002703 0.9497844793676771 0.9500566137968645
189 1890 0 0 0 0.9431902739617317 -1.3786801413538603 1.0242896716461096 0.932660378323941 0.9546323090817794 0.9486182084315455 0.9486692137503763 0.9498452735596533 0.949747868701953
190 1900 0 0 0 0.9903538233429473 -1.3098644151894818 1.037580880136366 0.9203572782694962 0.9492001322978887 0.9481842208753553 0.9492377054505131 0.948967018595196 0.9496905321030834
191 1910 0 0 0 1.0073022129474574 -1.2773978921910834 1.052711854834321 0.9386756187993596 0.9509994074140861 0.9492336732064679 0.9505324655413004 0.9493254455388763 0.9500843858116312
192 1920 0 0 0 0.9762712272382564 -1.2765905650563814 0.949293864879261 0.9465560644614068 0.9469161917216873 0.9506319444215701 0.9502564285326227 0.9488721913490183 0.9501766171182373
193 1930 0 0 0 0.9938516092304234 -1.2402124331418227 0.9835026431323918 0.9557906006855539 0.9561701779970667 0.9485756204915019 0.9500599806003268 0.9491462078169928 0.9502964665658092
194 1940 0 0 0 0.9755479279695679 -1.2572978627338465 0.959169948416742 0.9434584228177801 0.9535309422232741 0.9499536384076063 0.9507535120890411 0.9496779390222306 0.950471609280741
195 1950 0 0 0 0.9860066429622065 -1.2556661964558955 0.9547143439659778 0.9491970292687747 0.944812745070928 0.9474266310498561 0.9505238546614636 0.9494202531146245 0.950275580614838
196 1960 0 0 0 0.9895549422391855 -1.2415038733023518 1.0106353321222086 0.9543237497269778 0.9388522660064117 0.9462747220714678 0.950365808292633 0.9500155251650473 0.9503278548746396
197 1970 0 0 0 0.9909289005866707 -1.1960634020564747 1.0501219084186544 0.9582338852348126 0.9440500604222029 0.9449566709389775 0.9506629965065346 0.9501751773461115 0.9503984243307352
198 1980 0 0 0 1.04312996472992 -1.1326937107256763 1.0393638603140565 0.9785825750791093 0.9467947064622759 0.9442138327481453 0.9509201244331931 0.949734762214019 0.9502288283729494
199 1990 0 0 0 1.049788337386071 -1.1314501060787936 0.9968082174210129 0.9704270627089885 0.9472505824709099 0.9453414289332179 0.9511509783198417 0.950071958566806 0.9502430724604937
200 2000 0 0 0 1.0744110459305498 -1.0950245617307672 1.0117551418555066 0.9469608076880599 0.9409910884260442 0.9484962625595784 0.9489303249567356 0.950170641370339 0.9498921719871711
201 2010 0 0 0 1.1152618412775521 -1.0201265806270425 1.0063369997469902 0.9524351397005827 0.9419207544082312 0.9469332740345779 0.9477375060822459 0.9503295847336715 0.9500351910001983
202 2020 0 0 0 1.0841854466457232 -1.0698076156637957 0.9768978810977319 0.9466443667117755 0.9447169974294355 0.948274340961376 0.9475854492814572 0.9500526580908975 0.9499540029392914
203 2030 0 0 0 1.0586982055695813 -1.1216034838927569 0.9123652168123848 0.9557717171457573 0.9436128374015873 0.9496238566695704 0.9482335069875828 0.9499411960409424 0.9497437273697199
204 2040 0 0 0 1.1414258570871096 -1.0135458843339489 1.0293954120088926 0.9335988898518697 0.9520177366892434 0.9489535213414138 0.9484605836153175 0.9499061051105638 0.949882412623052
205 2050 0 0 0 1.1551280050594561 -0.9898019455602953 1.0213675902014674 0.9423764749695219 0.9554040617122642 0.9499490864480463 0.94826935884093 0.9495034939539742 0.9499362395402137
206 2060 0 0 0 1.1545504599583196 -0.9795799155791383 0.9943469035780117 0.9440863204447439 0.9516280807210776 0.9520041991317237 0.9477055558791995 0.9497689300517922 0.9499753027010241
207 2070 0 0 0 1.15222992760396 -0.9799586949720551 0.9525409092080858 0.94833271718014 0.9485814260792496 0.9516374980288742 0.9489509059850598 0.94973817464496 0.9500286982789878
208 2080 0 0 0 1.1761421551496207 -0.9509664235280838 0.9668645505460359 0.9412542007275255 0.9498241988439607 0.9520399883663422 0.9496267248512069 0.9498945832383716 0.9500315474158589
209 2090 0 0 0 1.1610787555444324 -0.9566840250300601 0.9603550317104594 0.946912837224102 0.9491986346232016 0.9521640601692668 0.9496392266283507 0.9501538074726349 0.9500338105635885
210 2100 0 0 0 1.1812491309191921 -0.919668626256948 0.9709278288593385 0.953064959654945 0.9478767979429021 0.9521541282942009 0.9500376998706501 0.9500192259086169 0.9501081501218287
211 2110 0 0 0 1.2308468867922175 -0.8617704477519444 1.0176660098730417 0.961729414847301 0.9516178460805333 0.9521189309140429 0.9499720949228153 0.9502130038985392 0.9501129838240282
212 2120 0 0 0 1.2050737294585685 -0.8711420336148388 0.9876057438848649 0.9553756907867943 0.9490180294300226 0.9519914300857575 0.9496884264898441 0.9503272898201042 0.9501038617295862
213 2130 0 0 0 1.2448682935182858 -0.812347513126663 0.9788334432423789 0.962350079761085 0.9467089172971141 0.9522868315373582 0.9497603520865651 0.9502120321597316 0.9499415024469838
214 2140 0 0 0 1.285737749675314 -0.7541786388186452 0.9676158975631357 0.95044175387387 0.9455415018551833 0.951991111450089 0.9510691565585585 0.9499586305430314 0.9499917628198048
215 2150 0 0 0 1.2959674371524899 -0.7402097976342057 0.9621927202703748 0.9480485796560183 0.9437619622646464 0.9525147671785528 0.9511996806847356 0.9498102544910001 0.9500531221322492
216 2160 0 0 0 1.3348727300745915 -0.6714042572544056 0.9820940005725379 0.9543294114603247 0.942324437581109 0.9509673471619438 0.9506849742532857 0.9504007347205655 0.9500204177274992
217 2170 0 0 0 1.3328710914769788 -0.6812672046140156 0.999543396847968 0.9567268165105502 0.9425823736306753 0.9494575817710884 0.9500286827148093 0.9503482347593321 0.9499656988468467
218 2180 0 0 0 1.324104183299408 -0.6776877530486033 0.9718317058511382 0.9518895523515813 0.9480804228448206 0.951039918304126 0.9502043184984466 0.9502555177033257 0.9500147970524822
219 2190 0 0 0 1.3174595978287194 -0.6654663964989247 0.9801011932021283 0.9483213764167866 0.9521392099407494 0.9511778643115368 0.950807409509763 0.9499962662939843 0.9500405499693535
220 2200 0 0 0 1.33159309066471 -0.6088561879554069 0.9819055559339254 0.9383559921212586 0.9536689366157709 0.9502873761957814 0.9503157182149284 0.9500699637186601 0.9500841542944208
221 2210 0 0 0 1.3502050244590582 -0.5715929442484772 0.955861928682084 0.9384358248473866 0.9512674863198398 0.9489334046207151 0.9491557404877228 0.9504334334402548 0.9497887632230405
222 2220 0 0 0 1.4076393254653308 -0.5023778915112738 0.9666393633584126 0.932287177575123 0.9527406943826202 0.9533281599214387 0.9494458046367609 0.9504480665248102 0.9499641238001806
223 2230 0 0 0 1.4895342345933542 -0.3709793501345796 0.9555577731190826 0.9192539631352782 0.9522588713621993 0.9535980174802993 0.9494505482401729 0.9503418478927188 0.9501296923735358
224 2240 0 0 0 1.517565435817587 -0.28197337891260477 0.9324699124104895 0.9100522633592405 0.9514405394918888 0.9536323617298778 0.9489437001095106 0.9504023467522078 0.9500212872499015
225 2250 0 0 0 1.6465597172714967 -0.1224126566772868 0.9731194382365563 0.9170378780553745 0.9551142352821675 0.9539851479421018 0.9489865337046652 0.9508831369029416 0.9500576725187562
226 2260 0 0 0 1.6763735490508245 -0.06176335390184384 0.9618288160901256 0.9180094219150371 0.9578812440692207 0.9545430257351084 0.9492179049219862 0.9506569806999373 0.9500727699020192
227 2270 0 0 0 1.7615942502315027 0.04900854877264898 0.9991044594933821 0.9509227755176184 0.9598889484946275 0.9537108133056033 0.9494660488567482 0.9503656209267451 0.9501429517888762
228 2280 0 0 0 1.778358208214587 0.13208730601921312 0.9373847017494693 0.9335013629846813 0.9525254217833949 0.9543488508959008 0.950560200499082 0.9503797455839451 0.9504926799550188
229 2290 0 0 0 1.795960617129244 0.189459658366075 0.8683291467714783 0.9363693086126997 0.9514956060831125 0.9548763090148746 0.9491674473400782 0.9504650893689391 0.9504209256882084
230 2300 0 0 0 1.8949070944568955 0.35812455007366933 0.870819129959566 0.9576304091108234 0.9609959488401758 0.9541569983932856 0.9491780540619642 0.9503413705941479 0.9502894482559028
231 2310 0 0 0 1.9268139484410114 0.38928070112872665 0.9014694642678429 0.9468492094822959 0.9588704120578894 0.953590540066789 0.9501802861391444 0.9504198694750131 0.9500903778264387
232 2320 0 0 0 2.0828555737991357 0.6583688084243781 0.9722984296700335 0.9460631166101171 0.9587956198078401 0.9538463265464989 0.9501611963213997 0.9500336842622858 0.9501591072596651
233 2330 0 0 0 2.1450514324910572 0.7767942143794024 0.9616477125494337 0.9386664404110633 0.9515370216344107 0.9552026918028046 0.9501628882591259 0.9496447540095704 0.9501629974023555
234 2340 0 0 0 2.177802325284369 0.8285749294612431 0.9502927138784827 0.9706319173179283 0.955305390012515 0.9543791656135482 0.9493738447084478 0.9495355254423747 0.9501823196892742
235 2350 0 0 0 2.155880640897002 0.837323921656821 0.9068608480388421 0.9563484965691768 0.9464571289803674 0.9506112049408943 0.9498270105282005 0.9498808943265904 0.9500185675087561
236 2360 0 0 0 2.1583447375545446 0.8136177365835269 0.9496721130792005 0.9771716753863369 0.9471400955220345 0.9504500692749533 0.9492540575049858 0.9499490814787592 0.9500289047999159
237 2370 0 0 0 2.133355879204953 0.7336593820917184 0.9911434610347466 0.9987524916008106 0.9488909766320676 0.9481892437347115 0.9504053269991308 0.949795912889036 0.9500356666823601
238 2380 0 0 0 2.1124111392402645 0.7098312066240322 0.9603994994312565 0.9932188350219967 0.9497630464535622 0.9490852896802461 0.9494934676629889 0.9494242208650194 0.9502409817416524
239 2390 0 0 0 2.0522767574239715 0.6826651562675227 0.9237693515649571 0.9740335950261246 0.9462046975931392 0.9513581415429343 0.9489256619762094 0.9495115517391446 0.9501539106743447
240 2400 0 0 0 2.158001767412783 0.8723350739825888 0.9622509627596038 0.9695307966184219 0.9483429289823627 0.9509406907248695 0.9499945723072757 0.9493758845922355 0.9503206205735893
241 2410 0 0 0 2.2079196570346036 0.916108094775381 0.9853709304464446 0.9660291862186017 0.9502957436519367 0.9487472805382619 0.9489651587382204 0.9495950686239113 0.9500271715976064
242 2420 0 0 0 2.254188990902448 0.9813361659858896 0.9719304909089355 0.9546852393458587 0.9501337145224451 0.9491729439907449 0.9496752112377146 0.9498607753894477 0.9500279274743137
243 2430 0 0 0 2.2113466682633134 0.9085376625364668 0.9394528247815187 0.9452785559216383 0.9490020356805312 0.9479842383354852 0.9492506415300072 0.9498239462265945 0.9500261959336245
244 2440 0 0 0 2.2162241457699023 0.9109015026351166 0.96314856179955 0.9497929658337668 0.9497048321346863 0.9506628832285187 0.9493094945742899 0.9499822642704958 0.9498025253705112
245 2450 0 0 0 2.278310746100878 0.9871858456358963 0.96316110008713 0.9620095657362382 0.9507714025316196 0.9515079400116992 0.948988535166773 0.9496952803237214 0.9497903917045998
246 2460 0 0 0 2.2454753738946733 0.9311361586927903 0.9492390311615978 0.9535636240621718 0.9507562353139766 0.9505426759718876 0.9491619146452787 0.9494335815816926 0.9498386733478266
247 2470 0 0 0 2.2754932346892627 1.0011455902235278 0.9380645008602558 0.9536252412713485 0.9509232976121067 0.9499510906951899 0.9492938964408861 0.9493126599460139 0.949929286307606
248 2480 0 0 0 2.2655339934057803 0.9834889580953001 0.9447226616623827 0.9568611536384094 0.948670277979177 0.9489251254347146 0.9505702502168802 0.9494616319692817 0.9500094452238406
249 2490 0 0 0 2.281854565750481 1.017086829590391 0.9572454828171587 0.949082367420812 0.9501306052271496 0.9505370143624404 0.9501876989296762 0.9495970996436628 0.9499152225464524
250 2500 0 0 0 2.260895428592503 0.9875158140295214 0.9646532185854131 0.9553294153334402 0.9522184493259929 0.9492137575167262 0.9500416470947963 0.9496857393872612 0.9500706592232921
251 2510 0 0 0 2.2658797794863976 1.01923123140883 0.9551171176852615 0.948399009937812 0.9501478443756626 0.9501470214938367 0.9503219891951664 0.9496883714092752 0.9500556230417126
252 2520 0 0 0 2.237957970451322 0.9708147206499553 0.9459332242068146 0.9558642479680318 0.9484928979733662 0.9504374093295301 0.9502337022254219 0.9497131480914902 0.9499863156598766
253 2530 0 0 0 2.2427093068285338 0.9815148670413881 0.9456797669858631 0.9477152108249871 0.9504448758021552 0.9502532230129301 0.9501754886605336 0.9497506574086071 0.9499727577590579
254 2540 0 0 0 2.222245694230706 0.9498199402176973 0.9445893861091957 0.9492447948507335 0.9514894317099436 0.9501438212479859 0.9500125667983162 0.9497896793405584 0.9499855831266667
255 2550 0 0 0 2.223128555163086 0.9467560110368451 0.9489374144968499 0.9506023042286793 0.9496522473447222 0.9506203647760822 0.9503173604674765 0.9498576106146168 0.9499746356166495
256 2560 0 0 0 2.220741574342422 0.9479386727233452 0.9491410220534915 0.9495479937688697 0.9504700953504823 0.950340134784472 0.9499340074404015 0.9498364913459615 0.9500311013259513
257 2570 0 0 0 2.2311026432482497 0.9550185602678594 0.9542347916957522 0.9511989570248445 0.9500403303604543 0.9503504170680797 0.9500880801388394 0.9498858387053773 0.9500252248431045
258 2580 0 0 0 2.2473787982072406 0.9754250526315278 0.9504318428803703 0.9546585738254731 0.9498313069749628 0.9504719422385868 0.9500431581694029 0.9498746789838719 0.9500149079749391
259 2590 0 0 0 2.2439847037843874 0.9691171527301956 0.9500646542503172 0.9508851234057205 0.9499067278548273 0.9499775718239409 0.9498636372692136 0.9499490049524688 0.950035662938722
260 2600 0 0 0 2.2391011175637234 0.9701340650177982 0.9443968812777372 0.9514981883853254 0.9491567058608538 0.9500856645182785 0.9500387753894451 0.9499816634322821 0.9500334766646298
261 2610 0 0 0 2.246149162476159 0.9720108906330287 0.9477565629991562 0.9520469546208996 0.9494947650085541 0.9498470896253673 0.9498266222025914 0.9499660760662448 0.9500226472946934
262 2620 0 0 0 2.2519226422226097 0.9723278713598228 0.9512503313275674 0.9499151556563574 0.9499937276433521 0.9494837690103833 0.9499336473668833 0.9499986557712683 0.9499997223606298
263 2630 0 0 0 2.240530405080707 0.9570735216896802 0.9487658168931611 0.9502551601068178 0.9504161957998586 0.949878866924792 0.9500255123120698 0.9499549492287935 0.9499924256149777
264 2640 0 0 0 2.2390461389394725 0.9619821700227184 0.944359781963855 0.9487399499124302 0.9510060003280226 0.9502699936098111 0.950096382633285 0.9499557323247472 0.9499926457351844
265 2650 0 0 0 2.246886486479271 0.9731036601652976 0.9424495868677696 0.9504808188116096 0.9497806946317688 0.9498852610525994 0.9501091651379449 0.9499629078086291 0.9500134793667114
266 2660 0 0 0 2.2329736705597454 0.9580414887400353 0.9444394550206895 0.9499000944164762 0.9501384433247555 0.9499812912293645 0.9501157668483098 0.9499429099936415 0.9500065623903508
267 2670 0 0 0 2.23114120109366 0.9537824756618243 0.9471444434283238 0.9494744000100254 0.9504414743095203 0.9501447208267719 0.9500676507857496 0.9499064600038895 0.9500049983684209
268 2680 0 0 0 2.2349606891695766 0.9571956954480708 0.9506507068085225 0.9491110026672845 0.9503846317142026 0.9501389986925176 0.9500368938775164 0.9499198028396176 0.949986067461018
269 2690 0 0 0 2.2365844317856687 0.9563388956994344 0.9484563090328605 0.9504399729977661 0.9506418440280596 0.9502277335096776 0.9500503134991861 0.9499516716980899 0.9499797655073601
270 2700 0 0 0 2.2371480089827753 0.9595927525704361 0.9452506525297122 0.9491692767450151 0.9504474645675834 0.9499446250467927 0.9500511018154735 0.9499981375445075 0.949989939701682
271 2710 0 0 0 2.2395803705724733 0.9610522181042134 0.9463917972425109 0.9500517907261519 0.9505327772181673 0.9500278904751489 0.9500151926301637 0.9499811391187212 0.9499811934994348
272 2720 0 0 0 2.24467386382247 0.9639373722770177 0.9508299005048968 0.9506678502074509 0.949885281825821 0.9498577663481858 0.9500186791135757 0.9499945358491324 0.9499855141955887
273 2730 0 0 0 2.244513872746124 0.9634353208293652 0.9507379293156273 0.9507190766198833 0.9499657254902385 0.9498422486987829 0.9500879194466765 0.9499844642000286 0.9499919929459922
274 2740 0 0 0 2.24552943832702 0.9616507106736452 0.9528950382656853 0.950739014875334 0.9503603293044274 0.9500994011483339 0.9500253073030176 0.9499960038926297 0.9499957144946669
275 2750 0 0 0 2.245604265225102 0.9623002007284892 0.9510500787200545 0.9496026647809247 0.950513425384941 0.9501954723210481 0.9499848279126558 0.9499977525907808 0.9499914273596667
276 2760 0 0 0 2.2456326066744783 0.9625991609148803 0.9513085680230662 0.9491801302791207 0.9506847546528808 0.9501662983390861 0.9499950558324096 0.9500020737711833 0.9499862807309395
277 2770 0 0 0 2.2464404526287263 0.9629521929543085 0.9499851489318948 0.9493821998904611 0.9503418310477816 0.9502821810911575 0.9500288641904282 0.9500208369557356 0.9499942806837143
278 2780 0 0 0 2.2490632112799864 0.9664612667446666 0.9481079268129443 0.9498029831069741 0.9498546987384867 0.9502322698199916 0.9500186390245824 0.9500130683962337 0.9499961913641883
279 2790 0 0 0 2.2513707459795103 0.9688902214513767 0.949578569841458 0.950384399758832 0.9501355611255384 0.9502348158892603 0.9500559067731779 0.9499947103833742 0.9500050731153219
280 2800 0 0 0 2.251275768379015 0.9649779415468039 0.9528657048576704 0.950294011856323 0.9501004250471352 0.9502392972174966 0.949994707984692 0.9500054111019117 0.9500034073506498
281 2810 0 0 0 2.25848579168509 0.9717456856094089 0.9544612464054825 0.9504884562067135 0.9497616577331567 0.9501545228618066 0.9499825986275491 0.9500024263736468 0.9499961139020573
282 2820 0 0 0 2.257674426722362 0.9703225232154796 0.9520677104271937 0.9508047156374606 0.9496432411348114 0.950188381406654 0.9499911788382832 0.950019984885608 0.9499923855798836
283 2830 0 0 0 2.2582268463027275 0.970482356003949 0.9515804386043211 0.951138377051464 0.9498619728038847 0.9501788759179199 0.9500029196831412 0.9500060135460555 0.9499857513281335
284 2840 0 0 0 2.256221190116872 0.9682726803065469 0.9501951328612812 0.9511297309641582 0.9499377969795438 0.9502489579673519 0.9500269489579345 0.9499990094210916 0.9500008958964877
285 2850 0 0 0 2.256667670880711 0.966835323147002 0.950912546472406 0.950606679173283 0.9499950217461888 0.9502129306342796 0.9500141396268766 0.9499901358479206 0.9500001183953213
286 2860 0 0 0 2.2590489152836186 0.967774620336131 0.9516752520618947 0.9509972268401263 0.9500786099137281 0.9500833349500707 0.9500272755551066 0.949992896754215 0.9499866597477589
287 2870 0 0 0 2.258344057736304 0.9667689205079244 0.9514975493448258 0.9505505022972013 0.9499696540561854 0.950049512046902 0.9500037135447909 0.9499843804222223 0.9499881804650383
288 2880 0 0 0 2.259444213839938 0.9652052885708933 0.9533399618333406 0.9505097562034707 0.9498155644517077 0.9499638295872808 0.9500092109207992 0.9499827893851803 0.9499880539076104
289 2890 0 0 0 2.2606211845710713 0.9656523635632829 0.9528938661866809 0.9508266632887055 0.9496414150441217 0.9500001141940926 0.9500323478620507 0.949980658086041 0.9499987458766377
290 2900 0 0 0 2.2622326284766934 0.9665475816694935 0.9522216214912386 0.9507990403488386 0.9497179775410253 0.9500363935097098 0.9500082986963654 0.9499819321717491 0.9499953232369045
291 2910 0 0 0 2.263872499321058 0.9685294830820671 0.950938696225242 0.9501935834868557 0.9495845422278151 0.9501476247615044 0.9500403119823253 0.9499779185572987 0.9499942591746415
292 2920 0 0 0 2.2672695029212306 0.9662696407047892 0.9511658547417234 0.9500995841629262 0.9496088912191413 0.9500249262363939 0.9500594161569004 0.9499791914853086 0.9499854205981588
293 2930 0 0 0 2.2684957182926357 0.9687626631742027 0.9502572729294163 0.9502581752754216 0.9495554778067316 0.9500434703691892 0.950009510029989 0.9500088657541832 0.9499857462880568
294 2940 0 0 0 2.2737480184751373 0.9715689433329425 0.9492792450165792 0.950529962366459 0.9492729481513505 0.9500248897803073 0.9500301175498305 0.9500374977973806 0.94998218730067
295 2950 0 0 0 2.2735174114457073 0.96911989489629 0.9504418409846904 0.9500504846258685 0.9494549090596675 0.950030730794712 0.9499846570801764 0.9500382353042537 0.9499878990750855
296 2960 0 0 0 2.2786829254461245 0.9703221100176292 0.9503651895113244 0.9501842413506574 0.9495700062465026 0.9500278219861469 0.9500417764701612 0.950072619138114 0.9499918651020876
297 2970 0 0 0 2.279034440820946 0.9722225248699076 0.9509564778895564 0.9509136891895823 0.9497673290256194 0.9502205218863363 0.950063791522078 0.950045179187572 0.9499941490616841
298 2980 0 0 0 2.280224053850929 0.9716122554785399 0.9497722178933085 0.949961975849933 0.9497685733408918 0.9502215527891001 0.9500154103194315 0.9500592197943006 0.9499779643809965
299 2990 0 0 0 2.2840562095093326 0.9703754051818381 0.9516429160219988 0.9499582219004761 0.9497791814399583 0.9502926622485378 0.9500182893423964 0.9500398658353808 0.9499829256569877
300 3000 0 0 0 2.293980029787416 0.9697628446521486 0.9527497002487336 0.9508813175407616 0.9502164647827124 0.950184034617174 0.9500710000578076 0.9500455962483946 0.949967070724893
301 3010 0 0 0 2.2966188839968664 0.9728408772422001 0.9507781135419355 0.9505752282744044 0.9505461247750393 0.9500218757885276 0.9500735272063535 0.9500243626933426 0.9499698606436919
302 3020 0 0 0 2.3042424177680676 0.973440464188342 0.9537532671827859 0.9504536057050514 0.9503635255962843 0.950072405466626 0.9501294349555676 0.9500903359742772 0.949967540461398
303 3030 0 0 0 2.303431242171721 0.9758070503131991 0.9528554041091897 0.9506475913841167 0.9504448900723406 0.949900880765621 0.9500725565490347 0.9501121201001215 0.949983717595117
304 3040 0 0 0 2.303325838535362 0.9691906210349552 0.9569988280132163 0.9508660739973782 0.950155863345208 0.950114173918899 0.9500177175930915 0.9500775487126676 0.949989361231511
305 3050 0 0 0 2.3100002486167894 0.9733014189323482 0.9548528402434108 0.9490147484791788 0.9500328889059798 0.9499935941366335 0.9500627484109623 0.9500967680065062 0.9499866401071415
306 3060 0 0 0 2.3197545887537463 0.9759809191720303 0.9565754971873157 0.9488228475798375 0.949861748726931 0.9501144790463314 0.9500260713514315 0.9500855696121009 0.949981619073665
307 3070 0 0 0 2.33264031387613 0.9723871096567178 0.9575039426656136 0.9503900596596564 0.9494819778037616 0.9501154994444247 0.9500026931439021 0.9501035124540518 0.9499598955238495
308 3080 0 0 0 2.3357967963054493 0.9731318145760162 0.9562684125318585 0.950379244024103 0.9497674416791483 0.9503169739264328 0.9499914052576709 0.9501171217783706 0.9499697661285761
309 3090 0 0 0 2.3313013899810224 0.9724161116065964 0.9519090456220062 0.9486213020249639 0.9497765738680339 0.9506538181876528 0.9499098228669473 0.9500877431290716 0.9499822904217493
310 3100 0 0 0 2.3426072362556978 0.9782375175134258 0.9541952226055134 0.9485950475890963 0.9493842340674443 0.9509443277634425 0.9499247968886658 0.9500527786827986 0.9499766594703051
311 3110 0 0 0 2.3407718274238616 0.9747479077138265 0.9563296633245233 0.9490342758017655 0.9495996030270649 0.9508892578856797 0.949908474654791 0.9500186898302289 0.9499859639865157
312 3120 0 0 0 2.3452104677666243 0.9708478227820189 0.9535847378528856 0.9482277593935934 0.9489305739796855 0.9507440373615293 0.9500181924201583 0.9499835694420851 0.9499806542243147
313 3130 0 0 0 2.358657865746538 0.9703870543336812 0.9524400861902215 0.9480357800996635 0.9487636650836081 0.9505983660494622 0.949956563764586 0.9499604792248902 0.949953983821114
314 3140 0 0 0 2.3578992826301333 0.9564793094357409 0.953188323009675 0.949089218182041 0.9493809864591515 0.9503896406083107 0.9501783365707205 0.9499738672076808 0.9499596479125688
315 3150 0 0 0 2.369288420503634 0.956505184542394 0.9538078772454514 0.9512333789952016 0.9495193089021295 0.9505260897422277 0.9502765434406025 0.9499972784274261 0.9499698569813944
316 3160 0 0 0 2.37177378345223 0.9487155114532917 0.9611122349992051 0.9517414614034817 0.9500375769616428 0.9504166495078988 0.9501800024357745 0.9499706379859024 0.9499680904652764
317 3170 0 0 0 2.38009726856632 0.9488094887323445 0.9566512442390184 0.9503923033960016 0.9502867044194211 0.9504969194512716 0.9502106213198582 0.9500369730044136 0.9499720867853964
318 3180 0 0 0 2.388362618810413 0.9540618850833812 0.9541828028082026 0.9517532903435992 0.9506287262093418 0.9507776733422194 0.9502075736738257 0.9500278256612544 0.9499627119739005
319 3190 0 0 0 2.412433511743395 0.9617895060214615 0.954970669021751 0.9505841114894313 0.9495500147949816 0.9502302561658255 0.9502270835152586 0.950069734579186 0.9499517591827048
320 3200 0 0 0 2.4301135897016954 0.9716996443882284 0.9531290559891105 0.948830919300174 0.9497703532460967 0.95017636578531 0.950149423654845 0.9499952674047757 0.9499442726383578
321 3210 0 0 0 2.437668675436717 0.965229459457787 0.9507388708267451 0.9486395760942758 0.9505045430081069 0.9499230189743421 0.950014578232118 0.950076801430069 0.9499689945970315
322 3220 0 0 0 2.449922202701741 0.9687978397870108 0.9522909071440412 0.9501646626333636 0.9500532450504442 0.9499490506814312 0.9502255602428179 0.9500900095965706 0.9499872691154159
323 3230 0 0 0 2.460561108908172 0.9682254181460155 0.9588559987068217 0.9487993851417384 0.9501081665460849 0.9499242786682922 0.9500242151718374 0.9501333185713479 0.9499814891670854
324 3240 0 0 0 2.460460563796114 0.9629099629803883 0.9574974570714143 0.9490808078483018 0.9503293984878697 0.9498960558306999 0.950255989599776 0.9500912299187702 0.9500056068497243
325 3250 0 0 0 2.4914759143471072 0.9576577684834956 0.9537071611144704 0.9457234707425752 0.9497855557157474 0.9498106416167078 0.9502622660583071 0.9500267661397721 0.9499688673145908
326 3260 0 0 0 2.4958661379741867 0.9524898756623679 0.9539222406480615 0.9458090303327235 0.9500039016956213 0.9495752868891176 0.9500576309031781 0.9500762798148006 0.9499946224663159
327 3270 0 0 0 2.51031946860465 0.9631951899523181 0.9489286257430468 0.9433786964211889 0.9495264229409073 0.9500943503656769 0.9502846842150808 0.950088860451067 0.9500455984996622
328 3280 0 0 0 2.4773331645349486 0.9482380266073294 0.9499306284575794 0.9448697598330212 0.949679397352106 0.9504542179425475 0.9501870839722321 0.9500180807542955 0.950041751729255
329 3290 0 0 0 2.5288042567746074 0.962746048860321 0.9503961306301302 0.9467257013133865 0.9483521584408432 0.9506325288134824 0.9502484349982945 0.9499815653910322 0.9500555001727321
330 3300 0 0 0 2.5244288536388644 0.9592413893041631 0.9543171344195277 0.9480606219554512 0.9485653255580859 0.9506434126503011 0.950284465445471 0.950015213425679 0.9500376609961529
331 3310 0 0 0 2.5279250566267595 0.9636845252538062 0.9477643841015273 0.9459000396292847 0.9485232871397024 0.9500323728103854 0.9499806670227448 0.9500479524920571 0.9500624392686196
332 3320 0 0 0 2.5522867818768233 0.9469490353043833 0.9519353154712883 0.9458912456438825 0.9487898912779875 0.9499052799320882 0.9500808069041491 0.9500294892003919 0.9500486249495949
333 3330 0 0 0 2.59517153682139 0.9500599874685386 0.9520450911320294 0.9466308483574217 0.9479745182373116 0.9499301870642411 0.9503204599414405 0.9499991322222291 0.9500176750544745
334 3340 0 0 0 2.609517211616919 0.9386416752444734 0.9497351425195067 0.9475412296947644 0.9477425617309988 0.9501396113657063 0.9502948513091194 0.9500250004461358 0.9500505216538171
335 3350 0 0 0 2.629848201743338 0.948536194158163 0.9487042202404659 0.9493818158501849 0.9487657025767398 0.9495146841496337 0.9503547715166177 0.9500303544093944 0.950015452608719
336 3360 0 0 0 2.6676238582197325 0.9562880234834813 0.9478097806234808 0.9476395952716615 0.9478938764559093 0.9501673871118768 0.9505396598980642 0.9499859966651556 0.9499941371700344
337 3370 0 0 0 2.708211712465762 0.9712285858952262 0.9503602060464037 0.9499125932562992 0.947637865692898 0.9501260627487504 0.9503628133947573 0.9498792665204873 0.9499693611012962
338 3380 0 0 0 2.681051733372186 0.96662196929461 0.9494569030932057 0.9502266543789238 0.9483284946546778 0.9500475110462696 0.9503079023025265 0.9499720234066722 0.9499994461449011
339 3390 0 0 0 2.7120425675178224 0.9719192763518733 0.9546647392779525 0.9474886157236087 0.9489115027796323 0.9497878609125467 0.9499579725060558 0.9499225457234268 0.9499707993719425
340 3400 0 0 0 2.7129859764187705 0.9630932530912324 0.9569189704883132 0.9478162635865713 0.9479061463194831 0.9501793726674209 0.949933577195736 0.9499488043087498 0.9500241315370909
341 3410 0 0 0 2.7657927375461036 0.9619507966201089 0.9574801128677753 0.9509023589650405 0.9483386433435164 0.9501802427109795 0.9498551411645488 0.9499209674932099 0.949987140126044
342 3420 0 0 0 2.813002104528941 0.9517622033486025 0.9614726119565439 0.9492918090111178 0.9474312692901912 0.9499214083482793 0.9500889982776581 0.950027881008664 0.9499959823262348
343 3430 0 0 0 2.808580736435062 0.9447353921016876 0.9625699874949488 0.9505861944221506 0.9476133076683443 0.949892977654528 0.9502347461442981 0.950000576854662 0.9499789337666904
344 3440 0 0 0 2.871439509001042 0.9417788260033255 0.9635456014231697 0.9520092327859995 0.9478069975620905 0.9500456582445429 0.9501204499373758 0.9500840580911538 0.9499687843161558
345 3450 0 0 0 2.861083042190662 0.9429325901339332 0.964127031254171 0.9527171060062263 0.9486826435958048 0.9504634297145894 0.9501251017020725 0.950000671430655 0.9500164029345699
346 3460 0 0 0 2.8523406873476205 0.9416377801103171 0.9572426465593354 0.950257933096779 0.9498962198097931 0.9501174954623375 0.950281785210839 0.9500186316578385 0.9499692103959774
347 3470 0 0 0 2.9140133330901055 0.9503055702013017 0.9616305158413823 0.9524303499502026 0.9492606672361286 0.9503196564519151 0.9501521825414205 0.9500455881560977 0.9499727041472436
348 3480 0 0 0 2.9411643319999006 0.9547911154947873 0.9654110647021751 0.9510556945369616 0.9507198532898528 0.9498574327633779 0.9501145630456229 0.9500579205649198 0.9499902040549034
349 3490 0 0 0 2.9568845622707864 0.946820418009189 0.9608889127209677 0.9505300780223391 0.9504882746153077 0.9497330096172113 0.9500271516902574 0.9500179154898467 0.9500014288024344
350 3500 0 0 0 3.0355064307491553 0.9556302383816893 0.9627381578476314 0.9525727186559629 0.9501043590312951 0.9496541116596117 0.9498974305826343 0.9500658608188736 0.9499728971626784
351 3510 0 0 0 3.0670463558020242 0.953063463765234 0.9651767522433932 0.9557519748457555 0.9500998060930976 0.9491223656071169 0.9497965102124097 0.9501216016675247 0.9500015962114868
352 3520 0 0 0 3.12118309987102 0.961156562540887 0.9575361578211488 0.953685755120134 0.9493042142959387 0.9496264535919378 0.9499264371604405 0.9499651673637308 0.9499601711023796
353 3530 0 0 0 3.1422311203676387 0.95170515409966 0.9592834900768368 0.9553572874013045 0.948546189864397 0.9494077688779565 0.9497288495045323 0.9498995655145978 0.9499542171848702
354 3540 0 0 0 3.181855079102963 0.9434159030420407 0.9520990915191432 0.9536689713304085 0.9474388922804288 0.9499082597772492 0.9498885909944995 0.9500084893236809 0.9499619133079905
355 3550 0 0 0 3.21969458520061 0.9441276228697073 0.9490592662277267 0.9523794353400653 0.9471185248878775 0.949954929020838 0.949867705160176 0.950071296054988 0.9499427007297541
356 3560 0 0 0 3.2040191299330325 0.9459671560800595 0.9563385341863895 0.953573115019277 0.9487234503949851 0.9501410330349616 0.9499055460611588 0.9501055701170844 0.949964470409452
357 3570 0 0 0 3.2444036103889977 0.9516515126324906 0.9539123183162243 0.9539166710020122 0.9487944269237758 0.9499377543106081 0.9499175470195774 0.9501475068547256 0.9499502669631108
358 3580 0 0 0 3.250348647206252 0.9450738511227648 0.9569269969953691 0.9559735411113874 0.948910347305309 0.9505081702190891 0.950118673806309 0.9500409592814806 0.9499690094877004
359 3590 0 0 0 3.2765767698992767 0.9423874979145952 0.95530474758852 0.9539773171405643 0.9488429970707694 0.9506026676458327 0.9501812249614283 0.9500442992581934 0.9499742107786776
360 3600 0 0 0 3.226829172826041 0.9452544531379665 0.9541549482453395 0.9531955759118601 0.9493234232465455 0.950250184953869 0.9501786414811826 0.9500292585925054 0.9499861564427574
361 3610 0 0 0 3.246319851229735 0.9519703860568803 0.9551132802317758 0.9534199962618167 0.9495583585503423 0.9502618821171404 0.9501591796429051 0.950040994901941 0.949972800372708
362 3620 0 0 0 3.2728117880779974 0.9563825709261942 0.9504763365934262 0.9527778658598742 0.9490785129426818 0.9502896352961044 0.9500745521606531 0.950011252887921 0.949988429537616
363 3630 0 0 0 3.271155912945166 0.9573383542821275 0.9503102286089931 0.9525958923098298 0.949252480691488 0.950265305907014 0.9501942844362306 0.9500333182241328 0.9499895117479702
364 3640 0 0 0 3.2474438215713146 0.9520289194112416 0.9489817156919594 0.9521795467948532 0.9498192567798511 0.9498320568435574 0.9501159240025334 0.9500169683570358 0.9499788333613364
365 3650 0 0 0 3.238730275336473 0.9500097228688931 0.9505195129040245 0.9504231057569498 0.9495544437678989 0.9498499151621952 0.9501228733909957 0.9500052151696418 0.94998455198631
366 3660 0 0 0 3.2311481878656014 0.9499755591269015 0.9529068026750148 0.9514203039517545 0.9495195411743793 0.9499430243302637 0.9500491103621476 0.9499839426125068 0.949990328870982
367 3670 0 0 0 3.250599110045366 0.9514992588495093 0.9543785063246821 0.9501573871567057 0.9493514100005237 0.9499321342970288 0.949948301909071 0.9499969728071844 0.9500080512676035
368 3680 0 0 0 3.234100787271873 0.9459532897965403 0.9536471546921038 0.950884582776095 0.9492730156884975 0.9499849446386288 0.9499870688002328 0.9500079419976626 0.9500071335900655
369 3690 0 0 0 3.246100492217397 0.9501225408815068 0.9526829633613599 0.9510853388222574 0.9496295762339454 0.949938898123324 0.9499877245283178 0.9500083058182529 0.9499935435781508
370 3700 0 0 0 3.2574330453480864 0.9476248814652254 0.9504595318259771 0.9503055728195746 0.9498040522997837 0.9499939263018321 0.9500857891581719 0.9500005297789184 0.950004784958435
371 3710 0 0 0 3.253694433932408 0.9526862076140493 0.9495990313565884 0.9506286884863236 0.9498948494477168 0.9497319186106306 0.9499712264081358 0.9499995800120266 0.950007495528121
372 3720 0 0 0 3.247563591761205 0.9541083202415378 0.9490158704978215 0.9502514198027777 0.9499225594334874 0.9497918869294384 0.9500407487545073 0.9500209600032974 0.9499915997132146
373 3730 0 0 0 3.24249985272804 0.9526145321702978 0.9501465179783424 0.9504450575301703 0.949938661304712 0.9497963907088288 0.9500489348154605 0.9500234180846522 0.9499991830637778
374 3740 0 0 0 3.2561841399446947 0.94946254914303 0.9509529583674763 0.9502575778872462 0.949918847821586 0.9498043847204568 0.9499810093512225 0.9500367616344183 0.9499975016475639
375 3750 0 0 0 3.2659952414940743 0.9484676040254476 0.949671721019503 0.950316152277237 0.9498596333071063 0.949801219815064 0.9499722685099996 0.9499959244582035 0.9500035251599608
376 3760 0 0 0 3.261806644324511 0.9467435059797977 0.950619303465482 0.9504559896157277 0.9500747154435518 0.9499033697199837 0.9499630429071078 0.9499756371303174 0.9500013250300681
377 3770 0 0 0 3.247586497033728 0.9500036581780779 0.9491095298198453 0.9503444657534754 0.9503574880825152 0.9498000508812668 0.9499496495723297 0.9499873079630704 0.9499937159144181
378 3780 0 0 0 3.244967326121991 0.9461469119340311 0.9476898118972419 0.9504989313384823 0.9503509982991948 0.949886958469092 0.9499378565252692 0.9499738442376695 0.9499949925349064
379 3790 0 0 0 3.248105249495297 0.9458972156631736 0.9494603116477971 0.9508535813162907 0.950291734820774 0.9499585220066885 0.9499443357855761 0.9499874678452092 0.9500014412155591
380 3800 0 0 0 3.2525299200998496 0.9458891686240559 0.9496819411468217 0.9506416399555954 0.9501740120051824 0.9499196042183472 0.9499579788762443 0.9500028235049852 0.9499998293367893
381 3810 0 0 0 3.249402112599169 0.946896840156584 0.9502901872370311 0.9507062246323073 0.9500736866935998 0.949904423768183 0.9499677615892271 0.9500039770079607 0.9499997766226176
382 3820 0 0 0 3.245222587924029 0.9459882282642401 0.9500046863204286 0.9506918565696936 0.9501694781392149 0.9499449010953911 0.9500045924266088 0.9500126640516269 0.9500013674532433
383 3830 0 0 0 3.245789972875513 0.948904223295562 0.9492684120751882 0.9505389255836535 0.9500980964812665 0.9499229268650644 0.9499931711038502 0.9500004814090844 0.9500011717547688
384 3840 0 0 0 3.2466321285048925 0.9472780498849545 0.9497259960922263 0.9507642518762657 0.9501375400679086 0.9499160813744341 0.9500176912097031 0.9500028979788526 0.9499955535909387
385 3850 0 0 0 3.245813699540787 0.9464350784655927 0.949596967368707 0.9507735472716409 0.950159690522963 0.949932339689546 0.9500342718125824 0.9500061588424557 0.9499925511445225
386 3860 0 0 0 3.2483075092621045 0.9473290719656106 0.9496842840041465 0.9504469671746957 0.950157748965712 0.9498935457407836 0.9500239999713704 0.9500020987002611 0.9499959894608987
387 3870 0 0 0 3.2504461746393365 0.9485893307931706 0.9491246075423879 0.9503488357604752 0.9500559246509632 0.9498955578587106 0.9500254111064995 0.9499930217424382 0.9499976191787909
388 3880 0 0 0 3.248547963762496 0.9492413489944769 0.949942541336189 0.9502305162116549 0.9500822186272395 0.9498924722715921 0.9500244316932352 0.9500009194449414 0.9500005482263741
389 3890 0 0 0 3.2457920938942233 0.9486931530725086 0.9499810895757488 0.9501846725136054 0.9500734036504032 0.9498956597328769 0.9500180159617646 0.9499899167899148 0.9499999561514095
390 3900 0 0 0 3.248425803367048 0.9489925398818573 0.9498561253195834 0.9500035367383926 0.9500555922097914 0.9499213679853249 0.9500100752416162 0.9499969821958744 0.9500008891538411
391 3910 0 0 0 3.2483488878356925 0.949444265040826 0.9497572861450093 0.9500021060439614 0.9499481760710285 0.9499688280020804 0.9500104609795162 0.9500039778164792 0.9500027742126882
392 3920 0 0 0 3.2485866144540494 0.9492290020379418 0.9498680543211359 0.9502868554264533 0.9499319931179991 0.9499815505103163 0.9500122842273215 0.9500095942254221 0.9500005807142806
393 3930 0 0 0 3.2482595606090716 0.94935677647955 0.9495295705882844 0.9499802894928251 0.9500494000707382 0.9499813206857654 0.9500225181678903 0.9500029534293312 0.950000541056648
394 3940 0 0 0 3.2489524250863724 0.9505029205505106 0.9499914531694493 0.9502239236217348 0.9499920606278802 0.9500022858310216 0.9500191102863529 0.9499980823578453 0.9500000736523062
395 3950 0 0 0 3.246868253643329 0.9503413709458562 0.9500107921314197 0.9502112779788146 0.9500020718304331 0.9499835730347165 0.9500125251034558 0.9499982276855837 0.9500001701566538
396 3960 0 0 0 3.245802186159044 0.9502204158175991 0.9496166931762255 0.9502141139452103 0.9500132876980734 0.9500006673538377 0.9500020293905678 0.9499975338428018 0.9500009862708088
397 3970 0 0 0 3.248204019786497 0.9503787258239308 0.9497082664293001 0.9502755611018531 0.9500189812975807 0.9500072618738205 0.9499965508556946 0.9500022447295174 0.9500004240770992
398 3980 0 0 0 3.2494364064149153 0.9504711771241509 0.9496696960440287 0.9502361295537347 0.9500753215088779 0.950005822684007 0.9499952320746458 0.9500008239229472 0.950000029497995
399 3990 0 0 0 3.251671174639492 0.9506257793172562 0.9496135053303332 0.9500789249543167 0.9499869669930707 0.9500354879130631 0.9499894572193356 0.9499993584704476 0.9500026135032535
400 4000 0 0 0 3.250921623921012 0.9505398053898881 0.94961624322252 0.9499256682219119 0.9499806159837039 0.9500147785646388 0.9499910502255093 0.949998524085932 0.9500012843206496
401 4010 0 0 0 3.2503131213908167 0.9499998378332638 0.9500684314151897 0.949886937237498 0.9499837444360795 0.9500102187055597 0.9500013402227993 0.9500006660101641 0.9500012577474908
402 4020 0 0 0 3.2510961452581366 0.9497801997904922 0.9501895549071426 0.9499189070581355 0.9500293116932574 0.949987127965921 0.9500065472049494 0.9500020523925214 0.9499996967279511
403 4030 0 0 0 3.2510483315172767 0.9496329461226074 0.9501914284219782 0.9499103589223296 0.9500093617015554 0.9499786693545829 0.9500047787799747 0.949998607333183 0.950000851786602
404 4040 0 0 0 3.2486612781079063 0.9496431778318044 0.9503664949397699 0.9501526440745871 0.9500001546154474 0.9499895029710689 0.9500072749398358 0.9499964585267165 0.9500008274814379
405 4050 0 0 0 3.2492930431447458 0.9501572928332953 0.9502145079119416 0.9500632679094616 0.950025215522302 0.9499801067354161 0.9500027187537077 0.9499997466068566 0.9499996791939479
406 4060 0 0 0 3.249456288851897 0.9496693858105705 0.9501865282884554 0.9500373712514173 0.9500375922949164 0.949982245782083 0.9499997269402001 0.9499974623278286 0.9500000347084612
407 4070 0 0 0 3.249474996689694 0.949649440304325 0.9500967513085691 0.9499878824133025 0.9500465728371156 0.9499946209311534 0.9500028126932001 0.9500004499558308 0.9499998993418326
408 4080 0 0 0 3.2495227724884006 0.9500145135181638 0.9499880936707974 0.9500531310469863 0.9500168249629669 0.9500026059955462 0.9500025783446479 0.9499995741115185 0.950000161534308
409 4090 0 0 0 3.2507904409693413 0.9498988141329274 0.9498249653175967 0.950011779155859 0.9500028586038913 0.9500005082418195 0.9499990981986052 0.9499977026444785 0.9500001796311174
410 4100 0 0 0 3.250549094433011 0.9495442001376647 0.9499905851394871 0.9499664385208249 0.9500185417848337 0.9499958163312762 0.9499989174147299 0.9500012632091897 0.9500000897701382
411 4110 0 0 0 3.2505438552984396 0.9500173692906391 0.9499198374275899 0.9499399899493561 0.950009211401257 0.9499904559266769 0.9499972390804714 0.9500026130716525 0.950000536688531
412 4120 0 0 0 3.250448392699946 0.9501209294596901 0.9498699005566988 0.9499820573020086 0.9499887553611046 0.9499892620795927 0.949998699279613 0.9500007672701138 0.9500005961240009
413 4130 0 0 0 3.249686393466171 0.9500176063243693 0.949878721861275 0.949978059378124 0.9500170480917413 0.9499938132246579 0.9500025232097316 0.9500007639603877 0.9500004843844665
414 4140 0 0 0 3.2495208462477176 0.9500650107327298 0.9499675556839903 0.9499931548069778 0.9500107087994034 0.9499868272784787 0.9500033207133085 0.9500001710572661 0.9500000628713187
415 4150 0 0 0 3.249960959159065 0.9500438819762614 0.9499422026327317 0.9499686069800579 0.9500044400256823 0.9499964411451873 0.950003153875401 0.9499995726534969 0.9500003316272103
416 4160 0 0 0 3.249625976754501 0.9499802875799662 0.9499282906432811 0.94999458968612 0.9499995196850299 0.9500001120367043 0.9500011754484317 0.950000519995509 0.9500002099377336
417 4170 0 0 0 3.2500449748743483 0.9499910115738893 0.9499357050716245 0.9500086022350459 0.9500035528775221 0.9499973474578159 0.9500017200928703 0.9500000347493266 0.9499999501358526
418 4180 0 0 0 3.25024129177419 0.9500103745295806 0.9498729680897763 0.9500003604502283 0.9500042148384196 0.9500004079163574 0.9500007627660567 0.9500000860376878 0.950000168372002
419 4190 0 0 0 3.249880517794514 0.9499304358760993 0.9499518147954316 0.9500074636443457 0.9499959582871036 0.9499954435545657 0.9500004260193321 0.9500010202323703 0.9500003163290782
420 4200 0 0 0 3.2497656279094 0.9500248174432055 0.9499713828004346 0.9500057039400273 0.9500006759774783 0.9499916897508555 0.9499996297605156 0.9500009265868233 0.9500001955082341
421 4210 0 0 0 3.249762715486544 0.9499849783612138 0.9500207225386729 0.9500210579153112 0.9500015980060379 0.9499943439822925 0.9499997808306985 0.9500002369157156 0.95000003926432
422 4220 0 0 0 3.250156151453641 0.9500900963319068 0.9500297563063883 0.9500012468997782 0.9499969707180159 0.949994643622782 0.9499997585132773 0.950000217262788 0.9499999600210364
423 4230 0 0 0 3.2501469622523054 0.9500204143335375 0.9500388994591885 0.9500113608876355 0.9499988086471516 0.9499967096126721 0.9499993416250654 0.9500005992014612 0.9500000944645776
424 4240 0 0 0 3.250149859247445 0.950140000575974 0.9500493787540052 0.9500073982168429 0.9499994803114084 0.9500003877730454 0.9499987256301602 0.9500002494992088 0.9499999803643736
425 4250 0 0 0 3.2501016789174977 0.9501137761271063 0.9500694102383226 0.9499852634554271 0.9499945578931139 0.9500010348673845 0.9499989857075692 0.9500003779449391 0.950000072872362
426 4260 0 0 0 3.2501236503337365 0.9500359331268514 0.9500012073426952 0.9499937428835564 0.9500013880474287 0.9500000257055512 0.9499993091709401 0.9500003410753486 0.9500001606654587
427 4270 0 0 0 3.2500244133994514 0.950051130897062 0.9500087408529664 0.9500178085332819 0.9500006087512981 0.9500002168761597 0.9499986587002087 0.9500002797050668 0.9499999525142524
428 4280 0 0 0 3.250090196578288 0.9500448127922465 0.9499940699055323 0.9500160068040936 0.9500013936325791 0.9500020940168749 0.949999620081164 0.9500002244710287 0.9499999896320435
429 4290 0 0 0 3.2500017028602937 0.9500573871229034 0.9499581134202878 0.9500031508909045 0.9499968370282849 0.9500013820195921 0.9500000553026813 0.9500003948324204 0.9500001214069117
430 4300 0 0 0 3.250045388052029 0.9500232207245359 0.949974397293928 0.9499980545401701 0.9499916355118068 0.9499996387058669 0.9500000667363717 0.9500000239823414 0.9500000329549584
431 4310 0 0 0 3.250137817963177 0.9500007205516887 0.9499742978542565 0.9499999804044111 0.9499924567523829 0.949999113283546 0.9499997893102725 0.9500000995742502 0.9500000817304799
432 4320 0 0 0 3.250092930841479 0.9500437917973499 0.9499747528155406 0.9500024179427315 0.949998415589609 0.9499982563872007 0.9499995594180918 0.9500002471159169 0.9500001460950767
433 4330 0 0 0 3.2499852521288415 0.9500086905619114 0.9499853034543052 0.950002322319794 0.9499984032410579 0.949998617945039 0.9500000907004075 0.9499999748386313 0.9500000393272041
434 4340 0 0 0 3.250044452828969 0.9500160781809704 0.9499914200742469 0.950002807064361 0.949998985490701 0.9499985377580059 0.9500000608046524 0.9500000121236636 0.9500000633821702
435 4350 0 0 0 3.2499879968046 0.9500106282576517 0.949989432028696 0.9500003564028765 0.9500010764335289 0.9499978842305303 0.9499997057947355 0.9500000674647279 0.9500000578689181
436 4360 0 0 0 3.2499721477656323 0.9499919934300824 0.9500113970856815 0.9500034487894969 0.9499974215324334 0.9499988985824089 0.9499999496607806 0.9500000178935959 0.9500000230771647
437 4370 0 0 0 3.2499632795990747 0.9499940249828887 0.9499928081488077 0.9500001350119746 0.9499986678809335 0.9499988396844273 0.9499997262920441 0.9500000749285572 0.9500001076542401
438 4380 0 0 0 3.24995943656763 0.9500197687163223 0.9499948909558166 0.9499981959241904 0.9499998888377383 0.9499995814314383 0.9500000226272937 0.9500000467218206 0.9500000980429721
439 4390 0 0 0 3.249981117814006 0.9500171716284259 0.9500035576420603 0.950001055142831 0.950000039757266 0.9499993963783857 0.9499999947237668 0.9500000456431298 0.95000006258986
440 4400 0 0 0 3.249945091687244 0.9500250852768691 0.950004794975932 0.9500024094408334 0.9500007460227946 0.9500000243207815 0.9499998525775277 0.9500000673999702 0.9500000793884227
441 4410 0 0 0 3.2499803939299485 0.9500157211795915 0.9500049384399145 0.9500013831553423 0.9500018213197265 0.9500005069086281 0.9499995842719032 0.950000123305027 0.9500000556585584
442 4420 0 0 0 3.2499558697134754 0.9500008791329296 0.9500044943783822 0.949999236914644 0.950001293525595 0.9500004364000605 0.949999737141827 0.9500001319479165 0.9500000469065059
443 4430 0 0 0 3.2499737670745388 0.9500018117283372 0.9499966990655098 0.9499993713887243 0.9500003288488951 0.9500000976334615 0.9500000518264387 0.9500000685698525 0.9500000414773109
444 4440 0 0 0 3.2499617489182384 0.950010145768725 0.9499983371959068 0.9499970327090285 0.9500010609307303 0.9500004480476171 0.9500001120201786 0.9500000486688567 0.9500000390303218
445 4450 0 0 0 3.2499579019906895 0.9500190478574702 0.950000028269696 0.9499971401664831 0.950000863115752 0.950000408586212 0.9500001225653614 0.9500000094137716 0.9500000392071323
446 4460 0 0 0 3.2499754381262935 0.9500115812661407 0.9499996194451721 0.9499990863006035 0.9500014651855121 0.9500004614641261 0.9500001269985135 0.9499999709931674 0.9500000389579016
447 4470 0 0 0 3.249984993588421 0.9500059067722827 0.9499984641279992 0.9500001545143211 0.9500012578842494 0.9500002747469706 0.949999815149916 0.9500000229007187 0.950000027160584
448 4480 0 0 0 3.24997136486512 0.9500099752748801 0.9499994774312485 0.9499990703654975 0.9500007074453182 0.9500002135905994 0.9499997821635631 0.9499999835492112 0.9500000315401049
449 4490 0 0 0 3.249977126038489 0.9500066991651067 0.9499984793778389 0.9499992016786539 0.9500005841799929 0.9500002502083927 0.9499997861153091 0.9499999556615341 0.9500000154919495
450 4500 0 0 0 3.2499890316124183 0.950004440038421 0.9499998035323586 0.9499978617001492 0.9500002005462109 0.9500001359990299 0.949999984656208 0.949999962351725 0.9500000021180453
451 4510 0 0 0 3.249989357845975 0.949997906103118 0.9499990695719853 0.9499985598242764 0.9500003578433557 0.9499999697815381 0.9499999557642363 0.9499999899384685 0.9500000086568443
452 4520 0 0 0 3.2500022463464107 0.950002943791213 0.9500015658331145 0.9499990257235669 0.9500005427396179 0.9499997400576288 0.9499999534723933 0.9500000193308379 0.9500000072943575
453 4530 0 0 0 3.2500082934824004 0.9500023930163819 0.950003123687027 0.9500001561923418 0.9500004926119423 0.9499998474393324 0.9499999935539811 0.9500000086052078 0.9499999964974671
454 4540 0 0 0 3.2500090517132922 0.9500057467724883 0.9500020422037582 0.9499988050310575 0.9500001187064202 0.9499997397345493 0.9499999692281565 0.9500000015903701 0.9499999976886051
455 4550 0 0 0 3.250013387341993 0.950007628310522 0.9500022129652068 0.9499989718688387 0.9500002444873666 0.9499998264429345 0.9499999751959864 0.9500000016554937 0.9500000017859446
456 4560 0 0 0 3.2500068337051364 0.9500008584678412 0.9500009855941456 0.9499991308630372 0.9500002574332971 0.9499998539135884 0.9499999594423995 0.950000005431734 0.9500000047780925
457 4570 0 0 0 3.250005797237261 0.9500023886196489 0.9499996364071779 0.9499995234298663 0.950000093643203 0.9499999288890683 0.9500000117143578 0.950000006519991 0.9500000111697668
458 4580 0 0 0 3.250006871479161 0.9500052534142865 0.9500007643167113 0.9499997910649269 0.9500001376564287 0.9499997687734179 0.950000006485938 0.9500000028509312 0.9500000072775714
459 4590 0 0 0 3.250001799063148 0.9500047941841447 0.9500000361253531 0.9500001992297266 0.9500003542049684 0.9499998937202752 0.9500000024481254 0.9500000063169423 0.9500000032304778
460 4600 0 0 0 3.2500030098841446 0.9500029560524447 0.9500014422307819 0.9500003233070032 0.9500002903566855 0.9500000012818952 0.9500000166980855 0.9499999993673519 0.9499999998494567
461 4610 0 0 0 3.2499987785552227 0.950001102576889 0.9500013392705869 0.9500003371470856 0.950000347102192 0.9500000233374288 0.9500000032052387 0.9499999855960379 0.9499999947586445
462 4620 0 0 0 3.249996747538723 0.9500019506166137 0.9500007745095337 0.9500000398271122 0.9500001828116721 0.950000076302757 0.9500000401832323 0.9499999855402177 0.9499999989852246
463 4630 0 0 0 3.249993975792827 0.9500013495651546 0.9500008949915699 0.9500002306208902 0.9500000199594599 0.9499999862422902 0.9500000161452999 0.9499999751321203 0.9500000018218865
464 4640 0 0 0 3.2499974896132144 0.95000169832329 0.9500003235542882 0.9499997611113756 0.9499998774253928 0.949999972081834 0.9499999985644798 0.9499999897066189 0.9500000016321366
465 4650 0 0 0 3.250001599892267 0.9500005922507075 0.9499996233114478 0.9499998923289787 0.9499999197004521 0.9499999820631906 0.950000003885427 0.9500000050347852 0.9499999996001595
466 4660 0 0 0 3.2500026382418943 0.9500009590767512 0.9500004526521597 0.9499999339883661 0.9499998476134921 0.9499999823313949 0.9500000136439009 0.9500000037816926 0.9499999999343018
467 4670 0 0 0 3.25000477095024 0.9500010563305041 0.9499999574893633 0.9499997989173589 0.9499999243618886 0.9499999775352187 0.949999998928742 0.9500000049856441 0.9500000020059337
468 4680 0 0 0 3.2500029167439015 0.9499993484648795 0.9499996200072122 0.9499999484104776 0.9500000219376097 0.9499999936661908 0.9500000133572926 0.9500000073543223 0.9500000031678671
469 4690 0 0 0 3.2500020098362397 0.9499995842381788 0.9499997664884309 0.9500002106740487 0.9500000527504008 0.9499999779122063 0.9500000233898092 0.9500000095456501 0.9500000025456338
470 4700 0 0 0 3.250002113442092 0.94999973764456 0.9499999627562024 0.9500001362939207 0.9500000105295247 0.9499999820452166 0.950000002544483 0.9500000073288121 0.9500000009033969
471 4710 0 0 0 3.250000855523005 0.9500000364748757 0.9500001959072418 0.9500001477703923 0.950000006521898 0.9499999842266577 0.9499999921670962 0.9500000070627986 0.9500000003532981
472 4720 0 0 0 3.2500008914978227 0.9499993097844625 0.9500001298839296 0.9500001713638345 0.9500000264025523 0.9500000170517937 0.9499999945370734 0.9500000064428978 0.9499999995879016
473 4730 0 0 0 3.250000204889894 0.9499997307832895 0.9499997788027257 0.9500001280911494 0.9500000381918912 0.9500000273143028 0.9499999991656197 0.9500000000274472 0.949999999759566
474 4740 0 0 0 3.2499997762436847 0.9499996134524001 0.9499997332679566 0.9500001556944916 0.9499999660006149 0.9499999949544684 0.9500000036633848 0.949999998084783 0.9499999983663984
475 4750 0 0 0 3.2499997451614195 0.9499996694884053 0.9499997759934147 0.9500000718945617 0.949999982458474 0.949999998363694 0.9500000006560817 0.949999997171073 0.9499999976115251
476 4760 0 0 0 3.2500006011804254 0.9499993799646792 0.949999870883068 0.9500001617168181 0.9499999532500658 0.9500000065134906 0.9499999965217568 0.9499999993128714 0.9499999985620572
477 4770 0 0 0 3.249999891257382 0.9499995996898825 0.9499996886677942 0.9499999791466804 0.9499999547935504 0.949999994962528 0.9499999995193755 0.9499999998604092 0.9499999973436052
478 4780 0 0 0 3.2499995683570524 0.9500005863629823 0.9499997971406939 0.9499999890145812 0.9499999880564842 0.950000004137156 0.9499999986581836 0.950000001187641 0.9499999975217369
479 4790 0 0 0 3.249999302329655 0.9500001319537219 0.9499999704900671 0.9499999969172862 0.9499999730239629 0.9500000103390894 0.9500000000860278 0.9500000043098161 0.949999998392238
480 4800 0 0 0 3.249998896863154 0.9499999355291766 0.9500001589092347 0.9499999649130725 0.9499999573944095 0.9499999993033965 0.9499999987835465 0.9500000017790234 0.9499999972988187
481 4810 0 0 0 3.2500000595528498 0.9499998176967666 0.9500002009709451 0.9499999725814179 0.9499999444814791 0.949999985560819 0.9499999996951506 0.9500000034315825 0.9499999985709884
482 4820 0 0 0 3.2499999628793677 0.9499998775496645 0.9500002380212886 0.9500000879104221 0.9499999646232468 0.949999972239198 0.9500000039523 0.9500000029317799 0.9499999997263784
483 4830 0 0 0 3.2499988742992985 0.9500002262637881 0.9500002197838682 0.9500001077967072 0.950000005932613 0.949999961845616 0.9500000040591696 0.9500000019979321 0.9499999989284799
484 4840 0 0 0 3.2499986920732544 0.950000711944992 0.949999949995962 0.9500000216751526 0.9500000016538764 0.949999979433918 0.9500000089884312 0.9500000027849959 0.949999998255245
485 4850 0 0 0 3.2499995782748026 0.9500001669648703 0.9499997410403664 0.9499999659912801 0.9500000115691888 0.9499999880834041 0.9500000050004058 0.9500000036615943 0.9499999992241175
486 4860 0 0 0 3.24999924127137 0.9500003469943967 0.9499997560488309 0.9499999218920887 0.9499999918932681 0.9499999885664207 0.950000003873717 0.9500000014475266 0.9499999996224542
487 4870 0 0 0 3.249999321315804 0.9500006321741519 0.9499997589206973 0.9499999359315525 0.9499999863028424 0.9499999800820487 0.9500000080806941 0.9499999996778091 0.9499999991860874
488 4880 0 0 0 3.2499979453320185 0.9500005444974288 0.9499998451605172 0.9499999387562609 0.949999972671167 0.9499999791457713 0.9500000057691493 0.9500000000942929 0.9499999991772798
489 4890 0 0 0 3.2499980787765397 0.9500003838070521 0.9499998141754569 0.9499999345455324 0.9499999694274572 0.9499999772798791 0.9500000101210093 0.9500000000071449 0.9499999993687691
490 4900 0 0 0 3.2499986096444053 0.9500003465749088 0.9499998739592723 0.9499998956383706 0.9499999935262761 0.9499999731420736 0.9500000115249373 0.9500000023760306 0.9499999990233717
491 4910 0 0 0 3.2499983832177524 0.9500004829680087 0.9499999906346427 0.9499999050299659 0.9500000009472322 0.9499999744095293 0.9500000083993009 0.9500000014883391 0.9499999986862011
492 4920 0 0 0 3.2499983977390916 0.9500005247841549 0.9499999095722441 0.9499998988704706 0.9499999907310366 0.9499999798216006 0.9500000074100124 0.9500000007984752 0.9499999988789141
493 4930 0 0 0 3.2499982109211327 0.9500005731029695 0.9500000195924745 0.9499998407937988 0.9500000151802781 0.9499999892265695 0.9500000047353576 0.9500000013436024 0.9499999982040153
494 4940 0 0 0 3.2499982503050893 0.9500003736703533 0.9500000856278954 0.949999837466864 0.950000009753523 0.9499999913973652 0.9500000038486467 0.9500000021214425 0.9499999981135729
495 4950 0 0 0 3.2499979936602252 0.9500004975247607 0.9500001370396366 0.949999831028245 0.9500000060107721 0.9499999867451554 0.9500000006290302 0.9500000009175169 0.9499999980521595
496 4960 0 0 0 3.2499981474165094 0.950000561704682 0.9500000874820341 0.9499998452605939 0.949999988867608 0.9499999829136994 0.9499999998414395 0.9500000006251886 0.9499999983975814
497 4970 0 0 0 3.2499984070722925 0.9500007004456346 0.9500000356650323 0.9499998607610189 0.9499999942930341 0.9499999801895749 0.949999998902688 0.9500000000442285 0.9499999980683432
498 4980 0 0 0 3.249998519773329 0.9500005323580102 0.9500000490834508 0.9499998349282386 0.949999988512132 0.9499999836174953 0.9499999989376662 0.9500000011839003 0.9499999981416238
499 4990 0 0 0 3.249998839366666 0.9500004471652547 0.9500000327114273 0.9499998718295884 0.9499999925376357 0.9499999821875578 0.9499999992759389 0.9500000018527807 0.9499999981038456
500 5000 0 0 0 3.2499988424538766 0.9500004119711094 0.950000057990221 0.9499998600345286 0.9499999910642577 0.9499999812734788 0.9500000019953049 0.9500000014403807 0.9499999978934186
501 5010 0 0 0 3.249998735931611 0.9500004232910991 0.949999966371317 0.9499998756611819 0.9499999850138164 0.9499999803384865 0.950000001011209 0.9499999998372407 0.9499999979039303
502 5020 0 0 0 3.2499986720043688 0.9500005799355856 0.9500000436188151 0.9499998897030617 0.9499999876062195 0.9499999803867873 0.9500000021451853 0.9499999994558084 0.9499999976879785
503 5030 0 0 0 3.2499986768825333 0.9500005618678667 0.9500000166083711 0.949999892247292 0.9499999826466138 0.949999975956999 0.9500000031793754 0.9499999989000609 0.9499999977134955
504 5040 0 0 0 3.2499989141460017 0.9500005593914488 0.9500001138180293 0.9499998683298659 0.9499999892580784 0.949999972933353 0.9500000022052434 0.9499999987460798 0.9499999976743525
505 5050 0 0 0 3.2499987774056076 0.9500003118685395 0.950000082555566 0.9499998521560462 0.9499999964605491 0.9499999779297632 0.9500000005197713 0.9499999995533126 0.9499999974669187
506 5060 0 0 0 3.249998565635035 0.9500002850961782 0.9500000922139107 0.9499998255480572 0.9499999991022315 0.9499999828631454 0.94999999890387 0.9500000012555114 0.9499999975441786
507 5070 0 0 0 3.2499985661375543 0.9500003179526236 0.9500001833404962 0.9499998543418452 0.9500000007103482 0.9499999821588727 0.9499999990810769 0.9500000008011312 0.9499999974534477
508 5080 0 0 0 3.2499983112978756 0.9500003084611203 0.9500000649093739 0.9499998728176159 0.9499999864054748 0.9499999814468515 0.9499999981723174 0.9499999995599276 0.9499999976415026
509 5090 0 0 0 3.2499982128075815 0.9500003688368726 0.9500001273293359 0.9499998914125829 0.9499999897364784 0.9499999800835106 0.9499999963402795 0.950000000492161 0.9499999978404081
510 5100 0 0 0 3.24999842074415 0.9500004244515848 0.9500000767739524 0.9499998631873461 0.949999991521545 0.9499999817377579 0.9499999961596897 0.9499999999566182 0.9499999977790318
511 5110 0 0 0 3.2499986027817287 0.9500004376364574 0.950000050211679 0.9499998566389986 0.9499999872975017 0.9499999780683419 0.9499999954992007 0.9499999999426391 0.9499999977916067
512 5120 0 0 0 3.249998442000345 0.950000501391915 0.9500001359556672 0.9499998839317805 0.9499999959541849 0.9499999752961438 0.949999995760446 0.9499999998920904 0.9499999980910285
513 5130 0 0 0 3.249998466730283 0.9500004676329934 0.9500001669403075 0.9499998577718142 0.9499999967479029 0.9499999794010052 0.949999993356897 0.9500000009410516 0.9499999982763087
